AMG,ATF,ATI,ATP,CAR,CF1,CF2,CF3,CF4,Falta,GCC,GLI,LIN,LIP,MAC,MON,NTI,OTR,OXA,PAP,PEN,POL,QUI,SUL,TTC,hoursVM,numberOfPatients_atb,numberOfPatientsMR,neighbor_CAR,neighbor_PAP,neighbor_Falta,neighbor_QUI,neighbor_ATF,neighbor_OXA,neighbor_PEN,neighbor_CF3,neighbor_GLI,neighbor_CF4,neighbor_SUL,neighbor_NTI,neighbor_LIN,neighbor_AMG,neighbor_MAC,neighbor_CF1,neighbor_GCC,neighbor_POL,neighbor_ATI,neighbor_MON,neighbor_LIP,neighbor_TTC,neighbor_OTR,neighbor_CF2,neighbor_ATP,numberOfPatients_ttl,cambio_postural,insulina,nutr_art,sedacion,relajacion,fallo_hepatico,fallo_renal,fallo_coagulacion,fallo_hemodinamico,fallo_respiratorio,fallo_multiorganico,n_transf,farm_vasoactivos,dosis_nems,hoursTraqueo,hoursConUlcera,hoursConHemo,C01 VC acceso periférico 1,C01 VC acceso periférico 2,C02 Vía central - YD,C02 Vía central - SD,C02 Vía central - SI,C02 Vía central - FD,C02 Vía central - YI,C02 Vía central - FI,hasCatheters
0.0,1.6288610468000906,1.610933308392222,5.209715542813071,1.7399327776516882,1.6217420937729794,3.163719182975255,2.696113931374491,1.481935809833781,1.6162335648341248,3.699585040763354,2.042554597137162,1.6371036837362112,1.7284513597084858,1.6815812814143651,2.448634491763161,1.6315030432318283,2.8348809111175317,4.564152220814521,2.176127689040542,1.6717613496392896,4.97702568788114,1.7662101723299415,1.6215338212760275,1.7541275630068438,3.4702158056690773,2.3703449623142854,2.1620317508620603,2.1992514818037643,2.163750734419609,2.083780629785827,2.1529136641654985,2.154968970593002,2.0479061903239435,2.0588927374091455,2.083220091669235,2.0871438584853785,2.046224575974168,2.0340795834480097,2.037069120069833,2.0344532755257374,2.0383770423418808,1.9772783876333606,2.0120317508620604,1.9884891499651993,1.9873680737320156,1.9705519302342576,1.976157311400177,1.9817626925660963,1.9638254728351545,1.9638254728351545,1.9593411679024189,1.9570990154360515,2.3377475149186315,6.4114277980101795,7.214167824903635,4.972555283682089,6.596742637289166,2.2600402973931093,2.7067722442230595,4.484194950257427,2.854357310124116,4.478513516325218,8.226840714525611,5.836595557523574,2.0071162627627155,3.2589462959994853,2.406775903928192,1.9559948115876478,1.9616307172577696,1.9570533324692923,3.1477503812336227,1.0118874794182688,4.980149040412284,1.8464365241054366,3.061207655640467,1.1221565860615228,1.134778417537869,1.4553008202695144,11.154461259373868
1.6288610468000906,0.0,0.005300256441902906,4.34760609971015,0.1387840306341046,0.016109041822660375,2.418695716529851,0.8028222755956059,1.5603869255938767,0.010600512883805813,2.666799635172296,0.3684588055498239,0.017927738407868765,0.10456379187967058,0.13380441997813508,0.3209846155172241,0.020169890874236485,1.4834495268711645,3.5958854392608486,0.6594383459375841,0.11338397531925348,3.4892282664843415,0.4742949303657764,0.015900769325708608,10.620431867299986,0.07842792970750478,4.2076088829567695,4.002173274972921,3.8436679791708075,4.495895169218035,2.9896875708223423,3.226489465999082,2.6558673055623316,1.2702070019460903,2.6607220052897573,2.081145124346075,3.089970807470441,2.6167077174797955,1.256148705981964,1.5572288313714873,1.5583499076046712,1.8529987966579686,1.0672334325868134,0.15868623047462627,0.11557450682848869,0.6184852872183184,0.0931529821648116,0.10996912566256944,0.10884804942938553,0.09702703764951426,0.05584548501035658,0.03301255622441002,0.07052832587581659,4.310861512285784,6.25732580851208,7.128168366803795,4.658488770317573,5.542115541295193,0.022412043340604204,0.9182115824624483,2.777375384644322,1.6515879248810994,3.9106581201438484,8.757945013235668,5.396545064495816,0.797432794472341,2.1914620473625663,5.331213191258115,0.16982316250704177,2.1315137759013525,0.08577059235091655,2.843936200388112,0.02594005808455513,4.983451566928794,0.9677590781524787,3.004716443162229,0.25288778332339956,0.7733597918623852,0.016662845582544605,12.910121905804502
1.610933308392222,0.005300256441902906,0.0,4.340278874186087,0.1334837741922017,0.0,2.4007679781219826,0.7848945371877372,1.5424591871860078,0.005300256441902906,2.648871896764427,0.3601004451323859,0.0,0.08663605347180192,0.12235258518472425,0.30305687710935536,0.0022421524663677195,1.4750911664537265,3.593643286794481,0.6415106075297154,0.10502561490181539,3.4713005280764726,0.45636719195790765,0.010600512883805813,13.110786294136663,0.0,4.271708683473387,4.181846647366756,4.028768834404319,4.825687022489211,3.2358543417366947,3.4034525702172758,2.7911764705882343,1.2693137254901967,2.900735294117648,2.1666666666666656,3.249215855316347,2.681809454686692,1.2476470588235289,1.625,1.625,1.901722689075631,1.0769211958862712,0.0,0.0,0.5809663865546228,0.0,0.0,0.0,0.0,0.0,0.0,0.0,4.398127020038783,6.248967448094643,7.125926214337428,4.650130409900135,5.549442766819255,0.004484304932735439,0.9216931423191429,2.795303123052191,1.6528954961324303,3.919016480561287,8.760187165702035,5.414472802903685,0.7386134453781522,2.1998204077800043,5.551345142880399,0.125,2.1764558839111596,0.0,2.844688649973277,0.0242945924636222,4.983103301911401,0.9668982482878814,3.0039613507571366,0.25265982363252215,0.7723581038741002,0.01636418439265408,12.928049644212372
5.209715542813071,4.34760609971015,4.340278874186087,0.0,4.461530232476147,4.351087659566844,6.67224850664007,5.172533636768742,5.821433732197244,4.34557913062799,4.878498604230893,4.302248416465414,4.360333041579006,4.631421005006598,4.468783037722319,4.889178914781067,4.360848609025693,3.939852116747522,7.8945567344908,4.827512235344153,4.448362593063437,6.156402037027808,4.393143248532661,4.329678361302281,4.3582820986571615,5.265929092635687,4.616997857743636,4.4586645244103025,4.41277513726531,4.4766764825567895,4.422117439208509,4.467334180613591,4.44700533158519,4.387737768057537,4.411130892123307,4.440615197056042,4.407095017683845,4.3868035378632175,4.395585301689824,4.389606228446177,4.395211609612096,4.395772147728688,4.362700398849764,4.390727304679361,4.360458246383397,4.366063627549316,4.347005331585191,4.370547932482051,4.355973941450661,4.349247484051558,4.353731788984294,4.340278874186087,4.347005331585191,4.563804227756284,6.2427058031198115,6.947641117259886,5.1353791419731625,5.992592359054395,4.568199349302581,4.612905700337689,5.277995806264716,5.0302725419652985,5.569132081471405,7.0757754751641535,6.030771125525868,4.381155038380637,5.0172166027429235,4.597872820203085,4.345901127736787,4.3397558859354755,4.345037803647259,3.169100095520636,2.0268021570989916,5.029739670011978,2.1055076048777037,3.0935673462508673,1.7672104655341245,1.5442629554519791,2.968422905636272,8.928866209627847
1.7399327776516882,0.1387840306341046,0.1334837741922017,4.461530232476147,0.0,0.1334837741922017,2.529767447381449,0.9183783113799389,1.6759429613782098,0.1387840306341046,2.782355670956629,0.4890999143918521,0.1334837741922017,0.22011982766400384,0.2558363593769257,0.4141191266378801,0.13572592665856942,1.6029810753523208,3.704478355331792,0.7609406987987509,0.23850938909401675,3.6047843022686745,0.5853666612173738,0.1440842870760075,8.813690458237437,0.22526597954334981,3.6346948079179153,3.5663442785672013,3.315573708206875,3.9626497081242373,2.609259668689722,2.8429982814603214,2.330233000198393,1.1810791904564186,2.334419450563294,1.8376924460961765,2.791418588208642,2.490112894048838,1.1959297136253269,1.409815017097672,1.409441325019944,1.7423231900623974,1.0815386943512113,0.21269244609617732,0.22423194506782163,0.6551511284126257,0.2085368778032476,0.21862656390190227,0.21750548766871847,0.2055922966193463,0.1574899780426351,0.14245238405767258,0.18228852148644648,3.7681896508240036,6.334547552700023,7.146729966575487,4.779129879159601,5.605681184907725,0.13796807912493714,1.0400920986948032,2.8260593962175173,1.7138343231564388,3.9534531047571857,8.759553304338214,5.411606270396568,0.810124851603178,2.2807130216754468,4.547880955929265,0.27454937143064484,2.0698349244550585,0.2003149245643958,2.849256363381772,0.04169700806620724,4.985727233445178,0.971145352004828,3.009785875029032,0.25838530802388493,0.7763153919778307,0.03340284821613748,12.837157285558085
1.6217420937729794,0.016109041822660375,0.0,4.351087659566844,0.1334837741922017,0.0,2.4115767635027403,0.7957033225684947,1.5532679725667655,0.005300256441902906,2.6596806821451846,0.3709092305131434,0.010808785380757469,0.0974448388525595,0.12850416353623217,0.31386566249011294,0.013050937847125188,1.4858999518344842,3.604452072175238,0.6523193929104729,0.10808371887735058,3.4821093134572303,0.4671759773386651,0.010600512883805813,10.985406040895459,0.09727906842681722,3.6419945930371513,3.674854511779426,3.4578230028454406,4.174600081092208,2.7362738232421915,2.936783878120555,2.378455844204286,1.0934558442042874,2.4268299681366936,1.8441421187140898,2.909977969751683,2.4607341820964352,1.0984558442042864,1.374729951933503,1.3762461137586945,1.698245760170674,1.0043966479336959,0.010808785380757469,0.010808785380757469,0.5203466005068087,0.010808785380757469,0.010808785380757469,0.010808785380757469,0.010808785380757469,0.010808785380757469,0.010808785380757469,0.010808785380757469,3.7990456955294314,6.259776233475401,7.136734999718184,4.660939195280892,5.560251552200013,0.015293090313492907,0.9325019276999003,2.806111908432949,1.6587068779082106,3.9298252659420436,8.761426573092363,5.415712210294012,0.676762132236742,2.210629193160762,4.7244392615944895,0.13580878538075747,2.060525799798952,0.010808785380757469,2.844234991743173,0.025007179146641745,4.983553667968932,0.9674294029499767,3.0044117168146682,0.25265982363252215,0.7729680326696664,0.01636418439265408,12.917240858831615
3.163719182975255,2.418695716529851,2.4007679781219826,6.67224850664007,2.529767447381449,2.4115767635027403,0.0,3.223361349464299,2.651761711911591,2.406068234563885,4.081613088941605,2.7580478024805934,2.426938353465972,2.6895115907658074,2.5292721416582147,2.6694667107004797,2.4213377129615887,3.9088354769686355,5.854203780057263,2.942194096940578,2.5027354890482627,4.134255169388703,2.8143197691471578,2.4113684910057884,2.4456453423982625,3.800154428780561,2.815911130933297,2.6204989198260193,2.663099816687006,2.6193778435928348,2.539781431036781,2.5928457060741508,2.5765527314852115,2.501291147030802,2.495835242695973,2.5584660349231783,2.5384361395569606,2.501104300991938,2.4740116253566606,2.48148546691122,2.4826065431444038,2.4820460050278124,2.42318950278566,2.4624271709470946,2.4321581126511305,2.4489742561488885,2.42318950278566,2.43776349381705,2.4321581126511305,2.4187051978529244,2.409736587987453,2.409736587987453,2.4119787404538213,2.7774495924717586,6.6351027953495745,7.233856424716828,5.614867762383794,6.255396863646582,2.7447040806938756,3.4966953689677434,4.506358359806658,3.7544400694296214,5.504457163622422,8.414749486010667,6.829559646998497,2.4682050253796577,4.177031600816722,2.8457333027107223,2.4093147783679445,2.412026137342804,2.407448752554327,3.1280668609763107,1.3089773398758608,4.989712627248641,2.016821502870451,3.0611056213043852,1.1416605585731574,1.3137838150849144,1.718576527036689,10.575388521454414
2.696113931374491,0.8028222755956059,0.7848945371877372,5.172533636768742,0.9183783113799389,0.7957033225684947,3.223361349464299,0.0,2.5077830276514383,0.7901947936296401,3.411222276061909,1.2044676331615924,0.8110649125317264,1.1828437122947113,0.9133987007239692,1.2790651940058213,0.8054642720273436,2.272346860040097,4.429351219416496,1.4545952439754637,0.8929782560650876,3.7406299289845255,1.2497410256558736,0.795495050071543,0.8938221038366561,2.9914876062243763,1.310434006043938,1.095635799765911,1.1340513453563446,1.0776238416194237,1.0066223468511128,1.0690289238316808,1.0400304185999918,0.9617792975237586,0.9548286248780186,1.0026985800349693,0.9920483558197226,0.9343129298107541,0.9330050075387061,0.941973617404177,0.9438420777928168,0.9399183109766733,0.8806881166567929,0.9259048580618752,0.8889093423668079,0.8945147235327271,0.8709721226358661,0.8788196562681532,0.879940732501337,0.8612561286149393,0.8597613603040276,0.8552770553712922,0.8575192078376599,1.271627521049112,5.979256257971168,7.497808926781145,5.381590919323299,5.306751975834589,1.169678979751914,1.9451021612356578,3.1598709886582332,2.348903500606695,4.453335118059502,8.320139214023866,5.586018537074593,0.9127106531636343,2.858873904739246,1.3574930609893059,0.8548552457517832,0.8575666047266427,0.8512573351065047,3.1056663275911873,0.7404492447696889,4.986810473151749,1.826267578827494,3.0265048973676647,0.8521839721150427,1.0034667461974975,0.7148304999721619,12.379044100168414
1.481935809833781,1.5603869255938767,1.5424591871860078,5.821433732197244,1.6759429613782098,1.5532679725667655,2.651761711911591,2.5077830276514383,0.0,1.5477594436279107,3.965793450288572,1.9942503668051847,1.5686295625299973,1.6599772385022724,1.5658514825778682,2.2412649521949315,1.5630289220256144,2.7197956461779813,3.948185669588441,2.032272047745643,1.5499153428517218,4.800142753936159,1.6307940041422972,1.5424591871860078,1.6248558799078303,3.6447632411460167,2.2845158560535896,2.0667511095892914,2.100084442922625,2.04440432334116,1.9494865355982602,2.044778015418888,2.0084551454637314,1.9195911693800243,1.9205627687821167,1.9646210647462423,1.9622668046565563,1.920899091652072,1.9020276417268103,1.9109962515922811,1.9113699436700091,1.9074461768538655,1.8437316776012498,1.888948419006332,1.8519529033112647,1.8485896746117132,1.834015683580323,1.8373789122798745,1.8452264459121617,1.8242996895593961,1.8228049212484845,1.8093520064502782,1.8205627687821169,2.2460543175920513,6.427805679262777,6.71125422799374,4.930298579154154,6.2903219890535444,1.9854696960746288,2.7565856340899924,4.482173002345018,3.184303051231902,4.533359568276245,7.959705839343593,5.793196284958415,1.8767890537079532,3.4164588906453854,2.332080694089647,1.81789880669624,1.8206101656710996,1.8160327808826222,3.135281842385023,1.188071452648662,4.971154682447818,1.928537052848565,3.055884147508789,1.4055487820498942,1.2818057210021867,1.4827497113477213,11.124813845713163
1.6162335648341248,0.010600512883805813,0.005300256441902906,4.34557913062799,0.1387840306341046,0.005300256441902906,2.406068234563885,0.7901947936296401,1.5477594436279107,0.0,2.65417215320633,0.36540070157428883,0.005300256441902906,0.09193630991370483,0.12765284162662716,0.30835713355125827,0.007542408908270626,1.4803914228956294,3.588343030352578,0.6468108639716182,0.1103258713437183,3.4766007845183755,0.46166744839981055,0.015900769325708608,11.557688636633285,0.02752293577981646,4.492847686294743,4.226643893701831,4.089947726102712,4.785185587067127,3.197927779331587,3.4380575870496344,2.833230280634078,1.3310008937956233,2.839315966029314,2.207661373266959,3.25240286591686,2.706668772364012,1.3021144961872517,1.6435731819366164,1.6431994898588886,1.9291655479816487,1.0901564093364438,0.11853581272884373,0.07624004059187361,0.6232234671134272,0.06054497332729958,0.07287681189232209,0.06951358319277046,0.05687661990373172,0.03404369111778516,0.020385074258444158,0.040975850578023,4.586900140611386,6.248151496585475,7.13122647077933,4.6554306663420375,5.5547430232611585,0.009784561374638345,0.9269933987610457,2.790002866610288,1.6581957525743332,3.9243167370031893,8.754886909260133,5.409172546461782,0.8021709743674499,2.2051206642219072,5.717127092409278,0.15107947259000554,2.1593087199499177,0.04562017460513401,2.8444661915867115,0.02474758809526445,4.983324145929814,0.9671527488239452,3.0041902980803137,0.25288778332339956,0.7726472358632398,0.016662845582544383,12.92274938777047
3.699585040763354,2.666799635172296,2.648871896764427,4.878498604230893,2.782355670956629,2.6596806821451846,4.081613088941605,3.411222276061909,3.965793450288572,2.65417215320633,0.0,2.9862729599357296,2.659356686166915,2.9181114485570454,2.777376060300659,2.605803296877041,2.6694416316040335,4.127200126746414,4.701575658811894,3.246038020789469,2.7569556156417776,4.7299075259633385,3.0603280159457853,2.6594724096482327,2.6891668818223207,4.125475736902104,3.0831020910843074,2.8614279505760862,2.8895295948212283,2.8383337801724986,2.7912485783787773,2.843939161338418,2.82017234519492,2.7628479804714523,2.751114049230795,2.777235125463979,2.725553511114203,2.7413606860020954,2.725105080620929,2.728094617242753,2.7307104617868485,2.7312709999034404,2.6832515679153985,2.7172575469886424,2.680262031293575,2.679140955060391,2.6735355738944717,2.685867412459494,2.6847463362263104,2.665314348184457,2.6623248115626335,2.6533562016971626,2.646629744298059,3.004511772583675,5.756376211149232,6.162830869152287,4.2891089346178735,5.082335978201928,2.7505709010389037,3.2990490473658483,4.802178041255012,3.8342792409554747,4.870448135272157,7.855107365869405,6.215193266807136,2.695957098558149,3.9641624419577344,3.0697189012150448,2.6544941503151267,2.6465563878602674,2.655552671196771,3.1463683454858717,1.4947567974789915,5.0064370098630295,2.036558331634653,3.049346761968615,1.6732464374980722,1.46608996709667,2.3425746586700034,10.565612768229595
2.042554597137162,0.3684588055498239,0.3601004451323859,4.302248416465414,0.4890999143918521,0.3709092305131434,2.7580478024805934,1.2044676331615924,1.9942503668051847,0.36540070157428883,2.9862729599357296,0.0,0.38627082047637507,0.538427233090978,0.47903523067818743,0.7427998639574475,0.38067017997199226,1.6992662587256178,3.9829097478357762,1.036012041872528,0.4681841640097363,3.7897804604550367,0.6448178431751636,0.37070095801619163,4.334842391468715,1.2942277545141638,2.386656074893934,2.5688016115946573,2.040771433604178,2.55503899583241,1.7051022798440192,1.942021110156413,1.6007002109911184,1.0265742108152638,1.5897325607487116,1.3782962566770594,1.8571565625436461,2.1273012222012313,1.1110809372726629,1.1494098590686892,1.1146564958399896,1.4873223248126797,0.99167505245082,0.6303515631045636,0.5611154412551743,0.7550509678393971,0.5454203739906004,0.5555100600892551,0.5521468313897034,0.5716819069012751,0.46524409441738235,0.4607597894846469,0.46300194195101463,2.5390104974946532,6.109929650778504,7.2584549861327385,4.595951974726651,5.413699859073338,0.45627548455191147,1.2984948655954507,3.1595695840934868,1.9590905493793755,3.983806880803744,8.449445788489786,5.399907406502993,0.9336535285601323,2.4175652880978467,2.780663270326185,0.5852073751088752,1.4936340727335549,0.5619202299135893,2.8429540905543584,0.21024328350097898,4.995321647543223,0.9861036523599195,3.0099136404807694,0.3003267164914011,0.8091648618513305,0.13625404715959522,12.476258464593194
1.6371036837362112,0.017927738407868765,0.0,4.360333041579006,0.1334837741922017,0.010808785380757469,2.426938353465972,0.8110649125317264,1.5686295625299973,0.005300256441902906,2.659356686166915,0.38627082047637507,0.0,0.11280642881579117,0.12850416353623217,0.3292272524533447,0.0070268414615830554,1.5012615417977158,3.6198136621384696,0.6676809828737045,0.10808371887735058,3.4879015254300314,0.4825375673018968,0.010600512883805813,9.375769343744894,0.1972558661341799,3.01683330718339,3.186702588229144,2.8881115518145775,3.6104780874883717,2.3096437646997314,2.47466799060631,1.970288022402812,0.9221507675008523,2.064160571422421,1.5261703753439888,2.493043454305303,2.2442117140886526,0.9538174341675184,1.1511703753439892,1.1511703753439892,1.4993216358481913,0.9364249045635945,0.02617037534398925,0.02617037534398925,0.46427961904146886,0.02617037534398925,0.02617037534398925,0.02617037534398925,0.02617037534398925,0.02617037534398925,0.02617037534398925,0.02617037534398925,3.2045171756025534,6.275137823438632,7.152096589681417,4.676300785244124,5.575613142163244,0.03065468027672469,0.9478635176631318,2.8214734983961804,1.6695156632889678,3.939070647954206,8.765203739109992,5.434526970296604,0.6219266778649982,2.2259907831239936,3.902086184891054,0.15117037534398925,1.945246725854163,0.02617037534398925,2.8455303484403296,0.0332568634614584,4.9841937342174,0.9663674823658995,3.0035244845320332,0.25265982363252215,0.7738348716098616,0.01636418439265408,12.911448646858812
1.7284513597084858,0.10456379187967058,0.08663605347180192,4.631421005006598,0.22011982766400384,0.0974448388525595,2.6895115907658074,1.1828437122947113,1.6599772385022724,0.09193630991370483,2.9181114485570454,0.538427233090978,0.11280642881579117,0.0,0.2151402170080341,0.711020715326817,0.10720578831140848,1.5364465445098776,3.748961825876441,0.7580633452792084,0.19471977234915228,3.8686638534101285,0.5138407101256547,0.09723656635560773,3.3565402706272893,1.56077837595678,1.9929921407260827,2.27860175257603,1.701342981803147,2.095697505675476,1.4276640052798018,1.6541728419983457,1.3141916496201316,0.8653941556359087,1.2867769393414012,1.1077776778521344,1.5080041090343081,1.7493472813795619,0.955760373872082,0.9198105627549745,0.9239211756099821,1.3363521262681077,0.8020010315701388,0.5220153460135695,0.468913358931659,0.679993645656132,0.4509761392007172,0.4633079777657396,0.4621869015325558,0.46259830565482507,0.4214167530156677,0.4169324480829323,0.4191746005493,2.1371455633298857,6.328603749458866,7.079414890966852,4.6833926011554246,5.677456270454001,0.41244814315019684,1.1893007910934255,3.060424731881495,1.7561517167607696,4.0322686265920336,8.496489771065026,5.389000662509588,0.8565265271771432,2.4324636910416233,2.313295281417412,0.5415106384634233,1.2355210170461262,0.4513418603562275,2.855722510519887,0.13673978366139383,4.992727442595201,0.9690267321720333,3.0056419736356124,0.25629812188370615,0.8033485921675122,0.07715818656900042,12.520085805994913
1.6815812814143651,0.13380441997813508,0.12235258518472425,4.468783037722319,0.2558363593769257,0.12850416353623217,2.5292721416582147,0.9133987007239692,1.5658514825778682,0.12765284162662716,2.777376060300659,0.47903523067818743,0.12850416353623217,0.2151402170080341,0.0,0.4164762228290465,0.1307463160025999,1.536770529610399,3.6975404783553203,0.7610461612004765,0.1253244359177026,3.513148353877416,0.5376156778638567,0.13295309806853006,7.859626547218121,0.34960690165308717,3.3359011731622035,3.3128662551840007,3.0151567183146115,3.653113822844322,2.3659312972044626,2.6017878187191217,2.123033717337745,1.0894673083664308,2.1188142941424593,1.6877774761727729,2.543760422158752,2.361381327727951,1.1183985490241284,1.2899822594313681,1.2888611831981844,1.6265839708299674,1.034461233861966,0.2754082683999781,0.21982875822405545,0.6108404806087671,0.21086014835858458,0.22879736808952622,0.21086014835858458,0.2122543072639541,0.15157246294982307,0.1329884684689676,0.1781764643296091,3.48258890298565,6.204934174981984,7.0506139792229146,4.7010722608735245,5.519089589496016,0.1329884684689676,0.9837108589943226,2.8518974131511685,1.604839311458698,3.9454883588587606,8.682439073667027,5.331639637810979,0.7934099264623067,2.2751798667260963,4.158867949161666,0.26205096378219406,1.9086450180735723,0.2024926302762683,2.8752032370585483,0.06389698285901957,4.982504282674117,0.9727514603052636,3.0094129305616546,0.2558600181719378,0.7794899902100393,0.04216525864909382,12.804029785608876
2.448634491763161,0.3209846155172241,0.30305687710935536,4.889178914781067,0.4141191266378801,0.31386566249011294,2.6694667107004797,1.2790651940058213,2.2412649521949315,0.30835713355125827,2.605803296877041,0.7427998639574475,0.3292272524533447,0.711020715326817,0.4164762228290465,0.0,0.3236266119489619,1.720357320421731,3.732444618189419,0.8785134171229743,0.41114059598670605,4.011787740881372,0.7930028465045211,0.3136573899931612,1.6489727597005128,2.531126700822473,1.5131908375608791,1.4943382775648215,1.2266252730805165,1.482903299986346,1.1138823732299934,1.2198240772658677,1.071804645277826,0.8580901460252102,1.0482059905693057,0.9477762446799186,1.1080527768174373,1.232903299986346,0.9707583074601878,0.8764010578338798,0.8438898470715479,1.0866028515558528,0.7859675750237153,0.6919840174751354,0.6594728067128035,0.7968046452778259,0.6505041968473326,0.6583517304796197,0.6549885017800681,0.6430303552927735,0.6370512820491264,0.6370512820491264,0.6392934345154941,1.4576230309280502,6.300390102384487,7.174731335298418,4.755652430012771,5.489020232309539,0.632566977116391,1.492703385959463,2.8907355966433403,1.8135317873905827,4.171747644279114,9.10144084160082,5.634683317052995,0.8098263769094229,2.6311974917585177,1.5964867573303687,0.7616294724296174,1.014340831404477,0.633031561784339,2.866281613626548,0.18816587387457762,4.984288340981204,1.046186629965102,3.0132329395238275,0.26498781892454715,0.937939122757392,0.1510780268356905,12.338074082633895
1.6315030432318283,0.020169890874236485,0.0022421524663677195,4.360848609025693,0.13572592665856942,0.013050937847125188,2.4213377129615887,0.8054642720273436,1.5630289220256144,0.007542408908270626,2.6694416316040335,0.38067017997199226,0.0070268414615830554,0.10720578831140848,0.1307463160025999,0.3236266119489619,0.0,1.495660901293333,3.6142130216340873,0.6620803423693218,0.1103258713437183,3.491870262916079,0.476936926797514,0.012842665350173532,9.369844864174734,0.1649482413591481,4.037832360832775,3.7423457607947483,3.5211956720219577,4.118484129814179,2.672437356821349,2.9848600192216646,2.4366272914380778,1.1923281493858213,2.3345056043147383,1.9010758819848843,2.838739658672499,2.4942969147669247,1.1815253399527812,1.3812435158230558,1.3582403114420591,1.732070384920482,1.015132057595233,0.21489625874576213,0.14404904052330225,0.5705640532220257,0.10817460106141874,0.13283827819146377,0.13059612572509594,0.09819119436101709,0.05439824257318382,0.0385069545705482,0.061332972469238634,4.107488970227824,6.265052878001514,7.146495949177034,4.670700144739742,5.570012501658861,0.025054039772341885,0.9422628771587491,2.815872857891798,1.6672735108226,3.939586215400893,8.761235001623945,5.430558232810555,0.7518900857903534,2.220390142619611,5.035292164120168,0.17223271332196088,1.9729637333185002,0.07699348466123257,2.8455519874503685,0.0327096671153857,4.983960374196385,0.9660985583947125,3.0030961751673884,0.2527603623244188,0.7735088770412223,0.01653542458356394,12.907479909372764
2.8348809111175317,1.4834495268711645,1.4750911664537265,3.939852116747522,1.6029810753523208,1.4858999518344842,3.9088354769686355,2.272346860040097,2.7197956461779813,1.4803914228956294,4.127200126746414,1.6992662587256178,1.5012615417977158,1.5364465445098776,1.536770529610399,1.720357320421731,1.495660901293333,0.0,4.671800124299778,2.0460410841385817,1.5269505978353235,4.749265382149691,1.5368786824303629,1.4856916793375323,2.4923124447920637,2.6832977231672093,2.3827344385771547,2.3705738413268715,2.1052524661400254,2.3622778772013104,1.9876515692790386,2.1171358742117743,1.9543182359457052,1.751291330116109,1.9280289982775438,1.828271898128067,2.00491614327007,2.1190043346004135,1.8523750371415197,1.7393331836288144,1.727748729219248,1.9839146485017591,1.6765529145705187,1.5892958144210418,1.5523002987259746,1.6739370700264231,1.5366052314614007,1.5444527650936875,1.5433316888605038,1.5366052314614007,1.532120926528665,1.5276366215959298,1.5298787740622972,2.3364801883430837,6.407895381618896,7.057388504174847,4.807945948172027,5.621395952742066,1.5231523166631942,2.1426194577464632,3.1639298421706075,2.662656552731604,4.356109534353096,7.996065058463804,5.214196370159087,1.706275807522111,3.1044829670488068,2.4567727126911256,1.6522148119764208,1.902761379321191,1.523616901331142,2.890648001142204,0.7509084025570398,5.011123945924379,1.080651482635258,3.0277458213643227,0.4527643431624452,0.9574288048748283,0.3142063860835108,11.575895021727026
4.564152220814521,3.5958854392608486,3.593643286794481,7.8945567344908,3.704478355331792,3.604452072175238,5.854203780057263,4.429351219416496,3.948185669588441,3.588343030352578,4.701575658811894,3.9829097478357762,3.6198136621384696,3.748961825876441,3.6975404783553203,3.732444618189419,3.6142130216340873,4.671800124299778,0.0,4.24550145585261,3.639433734056586,6.145503688376829,4.0065495202763675,3.604243799678287,3.622264535504889,5.361859700607189,3.837348012561987,3.739831627601656,3.7670364108602503,3.7030603271532256,3.6855715379155574,3.7274250506210875,3.700369744193584,3.654555095464137,3.654629833879683,3.691737457198068,3.6721186231173504,3.6625894751352877,3.6474549459873056,3.653434019230953,3.641849564821387,3.6424101029379785,3.613075274836334,3.6373652598886514,3.611580506525423,3.6037329728931353,3.604854049126319,3.6194280401577097,3.604854049126319,3.6026118966599516,3.6070962015926873,3.6026118966599516,3.591401134328113,3.8182034799645392,6.559429534171594,6.663790849456148,5.085130221302405,6.337662931134938,3.4155397615357392,3.9636429658665584,4.9785681394582095,4.092900357926769,4.587609553461692,7.952274943988483,5.237260956595382,3.627620520323284,4.125816428051748,3.840829432784393,3.597575177351444,3.5960486184991747,3.5981440128248035,3.1641869851165474,1.7717162501298396,5.013180982900078,2.217111989191314,3.0926351379368238,1.6352541314439786,1.38402628749043,2.487393583665541,9.965777396748722
2.176127689040542,0.6594383459375841,0.6415106075297154,4.827512235344153,0.7609406987987509,0.6523193929104729,2.942194096940578,1.4545952439754637,2.032272047745643,0.6468108639716182,3.246038020789469,1.036012041872528,0.6676809828737045,0.7580633452792084,0.7610461612004765,0.8785134171229743,0.6620803423693218,2.0460410841385817,4.24550145585261,0.0,0.7495943264070658,4.116441721058573,1.1068023811179089,0.6521111204135212,2.6438878623260536,2.0523230597487214,1.8450618140306918,2.082095101532193,1.617512614798559,1.9377708247362733,1.4009181913062194,1.6063059517915796,1.3215328048646473,1.0280504343379615,1.2668781403082416,1.1848145579973632,1.448561733027841,1.6190994099820306,1.1227813760419973,1.0396351858000537,1.045987951121429,1.3697258937593981,0.9514435584037311,0.7735664264577519,0.70730173126929,0.9056992517124448,0.6983331214038191,0.7039385025697384,0.7117860362020254,0.7193810751871988,0.6893645115383482,0.6848802066056129,0.6871223590719805,1.9111742222494041,6.291075101989673,6.9821078758520265,5.033662577414152,5.8569220206144905,0.6714272918074066,1.4024719420076306,3.221213741597846,2.0206156704717575,4.089254635004593,8.573143132360219,5.50219312035141,0.9986440394277415,2.5697706248092764,2.0828574108401554,0.8094583969861039,1.3034687755688066,0.7065759324724148,2.857421321354028,0.3095457096054245,4.994707067641776,0.9928693696181567,3.028797990973345,0.37292947642829033,0.8361095137219742,0.21852440374432136,12.332462986481575
1.6717613496392896,0.11338397531925348,0.10502561490181539,4.448362593063437,0.23850938909401675,0.10808371887735058,2.5027354890482627,0.8929782560650876,1.5499153428517218,0.1103258713437183,2.7569556156417776,0.4681841640097363,0.10808371887735058,0.19471977234915228,0.1253244359177026,0.41114059598670605,0.1103258713437183,1.5269505978353235,3.639433734056586,0.7495943264070658,0.0,3.562667526118947,0.5171952332049748,0.1156261277856212,6.894837734377943,0.44039721932604414,2.9962972485113486,3.0310767423735396,2.6798473464394483,3.3151621388639745,2.102284534767694,2.338992323949764,1.890201792046597,0.9720772190024785,1.8748859123314827,1.4955592851645756,2.2704813496412433,2.21316131700181,1.0113522563716857,1.1439150400225728,1.1405518113230213,1.498373894278315,0.972374122536418,0.24537243912571183,0.19651938634889232,0.5338796032883764,0.18082431908431829,0.18642970025023753,0.19203508141615688,0.18221847798968793,0.12153663367555678,0.10808371887735058,0.1481406350553428,3.155196842498651,6.256423603760357,7.122781857119337,4.695736634031184,5.566094713341654,0.11256802381008602,1.0297768611964937,2.856131164299259,1.6770211488014417,3.94360590205578,8.76824408949271,5.417444653636664,0.730074437206766,2.273297409923116,3.7166860957790746,0.24163051912331246,1.700910865475983,0.1724568010020021,2.8708356224848526,0.07373648821624534,4.985382961632067,0.9722146461320678,3.008521562177045,0.25467527718314387,0.7782029367716843,0.05290448759758404,12.824450230267757
4.97702568788114,3.4892282664843415,3.4713005280764726,6.156402037027808,3.6047843022686745,3.4821093134572303,4.134255169388703,3.7406299289845255,4.800142753936159,3.4766007845183755,4.7299075259633385,3.7897804604550367,3.4879015254300314,3.8686638534101285,3.513148353877416,4.011787740881372,3.491870262916079,4.749265382149691,6.145503688376829,4.116441721058573,3.562667526118947,0.0,3.7601638775334787,3.4819010409602784,3.5026213302810447,4.97279522680043,3.809175657431423,3.6470852814397015,3.6790733232932142,3.657772874862721,3.5744395415293875,3.578176462306667,3.5914799002737823,3.5576233980316294,3.5538117388388044,3.5649103935473248,3.5596413352513605,3.5480942500495667,3.532586028823857,3.5430494070002396,3.5352018733679524,3.5357624114845443,3.4907325161183262,3.5396861783006877,3.507174967538356,3.50829604377154,3.491479900273782,3.492600976506966,3.5049328150719883,3.4802691379419435,3.4802691379419435,3.4802691379419435,3.478026985475576,3.7696792793700222,6.382184971744156,5.963611418571212,5.972246939802001,6.308024049694614,3.6992210031929678,3.831964361388671,5.141016420719418,4.313396101378448,6.108597098209184,7.177574832051125,6.49906834208213,3.5276992862689527,4.87625070190636,3.8204516563054804,3.4798473283224345,3.4825586872972942,3.4760594575376444,3.160645030841575,1.8495187306403769,5.017129273632683,2.2072373148524034,3.081214593443845,1.8670831399651713,1.6353245393004632,2.6831773331181132,10.374810553019811
1.7662101723299415,0.4742949303657764,0.45636719195790765,4.393143248532661,0.5853666612173738,0.4671759773386651,2.8143197691471578,1.2497410256558736,1.6307940041422972,0.46166744839981055,3.0603280159457853,0.6448178431751636,0.4825375673018968,0.5138407101256547,0.5376156778638567,0.7930028465045211,0.476936926797514,1.5368786824303629,4.0065495202763675,1.1068023811179089,0.5171952332049748,3.7601638775334787,0.0,0.45636719195790765,3.4379390735317212,1.6136125250717033,2.051803895422233,2.3426466640227925,1.7623983566280856,2.1649741062104297,1.4984353741256673,1.7271863633105788,1.3834207896215593,0.9339233720154064,1.3658715501948473,1.1797246786952238,1.5846050742927298,1.8268723855065505,1.0530638802366319,1.0085737070958216,0.9969892526862552,1.4183342574458115,0.8854779310587545,0.6040520329553135,0.549801691758199,0.7597336243674682,0.5318644720272574,0.5441963105922798,0.5475595392918313,0.5483719133738485,0.5033988841933716,0.4989145792606362,0.5011567317270039,2.198312985007745,6.480093503809771,7.007121545717093,4.727890983512839,5.623018343466585,0.49443027432790077,1.3979779244191504,3.1336942819188582,2.011802377237033,4.115680599590524,8.496447097818494,5.561112086343872,0.9398884444879966,2.5332976694046163,2.3661748568749914,0.6234927696411272,1.31750314822383,0.5401050046970746,2.8547656431624424,0.2562824727742492,4.991248942351294,0.9720896780561759,3.0045597211286625,0.3374693332064085,0.8135893115870947,0.16936685583162325,12.465837453529794
1.6215338212760275,0.015900769325708608,0.010600512883805813,4.329678361302281,0.1440842870760075,0.010600512883805813,2.4113684910057884,0.795495050071543,1.5424591871860078,0.015900769325708608,2.6594724096482327,0.37070095801619163,0.010600512883805813,0.09723656635560773,0.13295309806853006,0.3136573899931612,0.012842665350173532,1.4856916793375323,3.604243799678287,0.6521111204135212,0.1156261277856212,3.4819010409602784,0.45636719195790765,0.0,11.562913788178829,0.030581039755351647,4.5235547844926876,4.243279705059328,4.099190605383028,4.8027868267648826,3.2243296388782197,3.4632698030093714,2.8664209938716914,1.360834549395519,2.8743004012400215,2.2432375447401975,3.2577031223587625,2.7280755001927584,1.3319481517871474,1.6825125821094065,1.6821388900316787,1.9589306362278331,1.1076890816804874,0.1574752129016337,0.11436348925549611,0.6507464028932439,0.09642626952455435,0.10651595562320915,0.10763703185639295,0.09282648345469802,0.054634467437364,0.027317233718682,0.0707409388242074,4.61149103085826,6.255083656045713,7.121441909404693,4.66073092278394,5.560043279703061,0.015084817816541252,0.9322936552029486,2.799787427984927,1.663496009016236,3.9296169934450926,8.74958665281823,5.4189571078364205,0.8319360626136343,2.21042092066381,5.747677831271535,0.1686121449340492,2.1646089763918206,0.08455957477792397,2.8442437332001465,0.0252005837269067,4.983544989948226,0.9674072493600093,3.0044192454034913,0.25311574301427664,0.7729363678523794,0.016961506772435242,12.917449131328567
1.7541275630068438,10.620431867299986,13.110786294136663,4.3582820986571615,8.813690458237437,10.985406040895459,2.4456453423982625,0.8938221038366561,1.6248558799078303,11.557688636633285,2.6891668818223207,4.334842391468715,9.375769343744894,3.3565402706272893,7.859626547218121,1.6489727597005128,9.369844864174734,2.4923124447920637,3.622264535504889,2.6438878623260536,6.894837734377943,3.5026213302810447,3.4379390735317212,11.562913788178829,0.0,5.175498795826745,8.824501204173252,8.824501204173252,8.824501204173252,8.824501204173252,8.824501204173252,8.824501204173252,8.824501204173252,8.824501204173252,8.824501204173252,8.824501204173252,8.824501204173252,8.824501204173252,8.824501204173252,8.824501204173252,8.824501204173252,8.824501204173252,8.824501204173252,8.824501204173252,8.824501204173252,8.824501204173252,8.824501204173252,8.824501204173252,8.824501204173252,8.824501204173252,8.824501204173252,8.824501204173252,8.824501204173252,8.824501204173252,6.2351247141045025,7.110684164793928,4.659011702620432,5.557453654533671,2.080604114870315,2.2254083708350563,2.910763597479019,2.678502496678881,3.94533573021309,8.713747925160382,5.414583164375989,8.824501204173252,2.2849145072617647,8.824501204173252,8.824501204173252,8.824501204173252,8.824501204173252,3.0808822001441785,5.29112682822179,4.983380464888105,2.6138911888319165,3.005373096568796,5.0608088145180705,2.561787095645488,10.531350881617193,12.849215818986664
6.711747321238965,0.0,0.0,8.251747147159678,0.0,0.0,6.806752532983083,5.96994564651429,6.529050877848487,0.0,7.259149411868313,0.0,0.0,0.0,0.0,0.0,0.0,0.0,8.024734961755795,0.0,0.0,7.568106960463569,0.0,0.0,4.029017091211486,0.0,0.49392071442684915,0.7416980515652966,0.9042711012216142,0.7827351993213557,1.2209411610556313,1.0239080321611311,0.9358105652221661,0.948030941707015,1.0284941570274309,1.0882218035378866,1.1469438671049825,0.8033705533679129,0.7050562030775352,0.7532759758259502,0.5526304519881557,0.8365365884165177,0.8173134448475852,0.5162936686578243,0.4294799719087624,0.585613814686196,0.3292106037940419,0.4843750000000001,0.42917387849563016,0.7594994550993096,0.0,0.0,0.0,0.816888300055754,6.44193989179173,5.842722879418796,7.772893135971891,5.5661764705882355,0.0,0.0,7.953091325349374,0.0,7.818586728175015,3.25,8.087769349562684,0.9071189333515866,7.252115950104719,0.573658467451738,0.3690531275259683,0.41577993190739915,0.44015940086581096,8.132180189750384,0.0,6.591177917347494,0.875,7.1062467498052,0.0,1.2867647058823528,0.0,0.5027810583692933
