AMG,ATF,ATI,ATP,CAR,CF1,CF2,CF3,CF4,Falta,GCC,GLI,LIN,LIP,MAC,MON,NTI,OTR,OXA,PAP,PEN,POL,QUI,SUL,TTC,hoursVM,numberOfPatients_atb,numberOfPatientsMR,neighbor_CAR,neighbor_PAP,neighbor_Falta,neighbor_QUI,neighbor_ATF,neighbor_OXA,neighbor_PEN,neighbor_CF3,neighbor_GLI,neighbor_CF4,neighbor_SUL,neighbor_NTI,neighbor_LIN,neighbor_AMG,neighbor_MAC,neighbor_CF1,neighbor_GCC,neighbor_POL,neighbor_ATI,neighbor_MON,neighbor_LIP,neighbor_TTC,neighbor_OTR,neighbor_CF2,neighbor_ATP,numberOfPatients_ttl,cambio_postural,insulina,nutr_art,sedacion,relajacion,fallo_hepatico,fallo_renal,fallo_coagulacion,fallo_hemodinamico,fallo_respiratorio,fallo_multiorganico,n_transf,farm_vasoactivos,dosis_nems,hoursTraqueo,hoursConUlcera,hoursConHemo,C01 VC acceso periférico 1,C01 VC acceso periférico 2,C02 Vía central - YD,C02 Vía central - SD,C02 Vía central - SI,C02 Vía central - FD,C02 Vía central - YI,C02 Vía central - FI,hasCatheters
0.0,2.011584561369564,1.9862273714297254,3.680978350866458,2.123019700447168,1.9862273714297254,3.167018250514735,2.600840726194334,2.6471800529849614,1.9854548779306345,2.5323941745972034,2.1700452019892214,2.081048256433658,2.198977971077879,2.03383304559284,2.295362350183585,1.9862273714297254,2.161207251635851,3.829443095483972,3.0509135664741835,1.9862273714297254,4.226505400030315,2.056578690147108,1.9901595622509356,2.0291032467521366,5.9180411822137815,2.465875525965772,2.2928417212055097,2.2773334999798003,2.248559209994748,2.1086488960934027,2.240711676362461,2.163357416272775,2.1499045014745684,2.127034546317618,2.117617505958873,2.121204949905062,2.0972139185149272,2.105061452147214,2.0789030067062573,2.0815188512503533,2.0876847705328645,2.0235965792025206,2.0415337989334623,2.0445233355552856,2.0142542772593215,2.0221018108916087,2.0467654880216535,2.013133201026138,1.9959433654506522,1.9996802862279317,1.995195981295196,1.995195981295196,2.4154394149915444,5.234128981902019,5.980036227684326,3.464840590692684,4.75561905955609,2.0574962676316515,2.543442222770773,3.907688320680596,2.868191558854284,3.797293100949295,7.295109220870687,4.71397361641093,2.02988339886312,2.7906470399731225,2.4894660551543364,1.9952893749455558,1.9940681030303695,1.9974134903556227,4.0158225360922595,0.4943410104061001,3.376797009930786,2.626232015836057,1.298783695220802,0.85914872358281,1.1319385886058908,0.5126468578930984,10.455610782554215
2.011584561369564,0.0,0.10213221754283586,3.9433904712821155,0.23892454656027906,0.10213221754283586,1.5612685893108127,0.7548977437971364,1.190764762151936,0.2867843049264408,1.36942912395559,0.4225509507659536,0.25879668019738344,0.346757342867691,0.14973789170595087,0.6417424808874808,0.10213221754283586,1.7629788573139118,2.9552207538431956,1.198256372165749,0.10213221754283586,3.4417466193173416,0.3140463998804168,0.24256740330319237,0.17068470830669924,7.122396291437423,0.5945433938105144,0.41435194848453993,0.40295434011383735,0.3770201099195175,0.22455374220651303,0.3648377481855861,0.29002459422445026,0.26580934758767893,0.24832055835001077,0.23980037897781337,0.23980037897781337,0.2142398408612215,0.22096629826032466,0.20078692606301518,0.20415015476256682,0.21031607404507802,0.13950142531563103,0.16042818166839645,0.16042818166839645,0.13240127583880001,0.13352235207198382,0.1671546390674995,0.12903804713924838,0.11184821156376268,0.11558513234104217,0.11110082740830673,0.11110082740830673,0.5435159459220799,5.340946501802476,6.235002169971026,3.788238507158047,4.685597473116849,0.3776089626368252,1.3649191475872886,3.4167572701706845,1.9229922836309212,3.305253078387871,8.260271401335098,4.944559354424065,0.1481622887641495,1.9536475313343662,0.6221797204004812,0.11119422105866628,0.11354616652682914,0.11331833646873324,3.963531909968461,0.42001747872730855,3.3527410264774957,2.6017527060820926,1.237455872419528,0.25897519351819387,1.0876349085726926,0.09048226843361185,12.279667926707782
1.9862273714297254,0.10213221754283586,0.0,3.9127994249979583,0.1327600709529272,0.0,1.480129442160274,0.7031585704495203,1.0780862208088144,0.18465208738360483,1.2672969064127546,0.32041873322311776,0.15107057165943927,0.24462512532485525,0.04760567416311534,0.5396102633446451,0.0,1.7376216673740732,2.8530885363003593,1.1348590515667656,0.0,3.344919441562305,0.21191418233758097,0.1283010796444587,13.012186322614474,0.0,6.259259259259256,3.1138507399127033,4.13110158222403,3.202569289186984,2.3240455562279925,3.4946236559139807,2.834535642909861,2.2760287848487,1.9288125994575034,2.0922260137471103,2.2069691001813876,1.758094348688593,1.2469924411796014,1.194376217756318,1.4397469335605417,2.0970649969472537,0.7435589865369417,0.8274581266235612,0.6291164877389567,0.38817026863976734,0.33871168032731924,0.8528211511046878,0.5538851189890284,0.33257882507475545,0.02150537634408589,0.0,0.0,5.688770663366697,5.32360440106294,6.259152914089206,3.821396026489148,4.6921719578004,0.27547674509398923,1.4617463253423257,3.3489018053651565,1.9581456305348448,3.3084786819472933,8.310449256652053,5.031817154188671,0.2672035466795778,1.9196054778709546,7.151161859203412,0.5638472858775934,1.551398540052341,0.8534584977933939,3.961530579255572,0.41573286882995475,3.3520285690717,2.600687066802998,1.2331948969686315,0.23943480964770847,1.0833546469150712,0.016575855468326517,12.376495104462819
3.680978350866458,3.9433904712821155,3.9127994249979583,0.0,4.044818484325664,3.9127994249979583,5.339442144858336,4.588181902306487,4.0317891723779145,3.888071932601024,3.7966082167386404,4.067418980488568,3.9283847568742036,3.9357625563025227,3.946331216666138,4.3182977145251655,3.9127994249979583,3.161170176758847,6.608177126420218,4.9567963886993684,3.9127994249979583,5.310800971677331,3.863867537406782,3.9377246862114657,3.9333663362133526,5.893071951472336,4.225493457422933,4.103942922755806,4.0566708749232205,4.10786668957195,3.9993465101997527,4.0648921006332355,4.0325303667019945,4.020422743383609,4.012350994504685,4.0029339541459406,4.0029339541459406,3.9845483039217253,3.989032608854461,3.9770744623671668,3.9767007702894386,3.9884720707378687,3.9412000229052833,3.957642474325313,3.9531581693925775,3.934099873428452,3.9352209496616357,3.95091601692621,3.9284944922625327,3.9195258823970622,3.9217680348634296,3.9217680348634296,3.9127994249979583,4.231185075222174,5.295891347093465,6.04611064980979,3.969053914189897,4.94441628599359,3.7835268322946902,4.2996094316152975,5.030082976732495,4.254594663882665,4.175572368477727,6.224065229632851,4.7760433989909465,3.942738754990045,4.026578268362141,4.227360240086326,3.9190744210155124,3.913675225915327,3.919968668755426,4.015359513683863,0.5594140516518548,3.4184858009300787,2.6674883502625253,1.3775277516625195,1.0753162498043223,1.199215196282404,2.1945968704906877,8.94049030627408
2.123019700447168,0.23892454656027906,0.1327600709529272,4.044818484325664,0.0,0.1327600709529272,1.6169217711777173,0.8346458596791652,1.2148785498262575,0.32144441640104815,1.404089235430198,0.44822225280332106,0.2878629006768826,0.3773851962777822,0.1803657451160421,0.6405281529002047,0.1327600709529272,1.8744139963915165,2.97163448125809,1.2579095010290002,0.1327600709529272,3.4772072660752436,0.34870651135502406,0.265093408661902,7.821088151672301,1.4113873549304325,4.468278127936532,2.3785221138772994,3.134106584828504,2.3953790188406625,1.838033238893281,2.5769700692096507,2.3263970433640897,1.8423752784900453,1.5045392580606411,1.6681007849860088,1.6751712471177314,1.3880153333317424,1.037618054715855,1.0429504531299634,1.3458706412142964,1.644791682121344,0.6946579587212115,0.7448783579410247,0.678252230886113,0.445862167545912,0.42266502235425374,0.7975932432588448,0.5772723258687563,0.3883613416615125,0.2038019022110179,0.19063273375470957,0.15054562787812942,4.151215716956686,5.437625641944396,6.3412060909275105,3.9534150858168537,4.770627923548743,0.41226907411143243,1.5940543494270334,3.4309549822034615,2.0766915754925748,3.3549059849371794,8.322998260703425,5.086964501430563,0.3999340105295126,2.002236584223263,5.165465645007831,0.6273050193743719,1.3936079718303862,0.8259985199544078,3.965197749899671,0.4221891708654799,3.3564194855265552,2.606031479973516,1.2378357497107517,0.24566769884071904,1.0882156931914153,0.04391220481428704,12.354806289793615
1.9862273714297254,0.10213221754283586,0.0,3.9127994249979583,0.1327600709529272,0.0,1.480129442160274,0.7031585704495203,1.0780862208088144,0.18465208738360483,1.2672969064127546,0.32041873322311776,0.15107057165943927,0.24462512532485525,0.04760567416311534,0.5396102633446451,0.0,1.7376216673740732,2.8530885363003593,1.1348590515667656,0.0,3.344919441562305,0.21191418233758097,0.1283010796444587,13.012186322614474,0.0,6.259259259259256,3.1138507399127033,4.13110158222403,3.202569289186984,2.3240455562279925,3.4946236559139807,2.834535642909861,2.2760287848487,1.9288125994575034,2.0922260137471103,2.2069691001813876,1.758094348688593,1.2469924411796014,1.194376217756318,1.4397469335605417,2.0970649969472537,0.7435589865369417,0.8274581266235612,0.6291164877389567,0.38817026863976734,0.33871168032731924,0.8528211511046878,0.5538851189890284,0.33257882507475545,0.02150537634408589,0.0,0.0,5.688770663366697,5.32360440106294,6.259152914089206,3.821396026489148,4.6921719578004,0.27547674509398923,1.4617463253423257,3.3489018053651565,1.9581456305348448,3.3084786819472933,8.310449256652053,5.031817154188671,0.2672035466795778,1.9196054778709546,7.151161859203412,0.5638472858775934,1.551398540052341,0.8534584977933939,3.961530579255572,0.41573286882995475,3.3520285690717,2.600687066802998,1.2331948969686315,0.23943480964770847,1.0833546469150712,0.016575855468326517,12.376495104462819
3.167018250514735,1.5612685893108127,1.480129442160274,5.339442144858336,1.6169217711777173,1.480129442160274,0.0,2.183288012609794,2.4191296022152695,1.6647815295438786,2.690696559756439,1.7867860962564142,1.6367939048148217,1.6241086935511664,1.527735116323389,1.7153986391533715,1.480129442160274,3.1995047254746343,4.287120658169765,2.5014169921033242,1.480129442160274,3.5685831541993593,1.6920436244978547,1.5958135378046419,1.5352746493780778,7.5829008391505095,1.8683667653751757,1.714994913012292,1.7256451372275388,1.7038962583037716,1.5747482762409915,1.6815494720556403,1.6276630744472693,1.6157796663755204,1.603896258303772,1.5424612807252962,1.581923164133368,1.5709366170481665,1.574299845747718,1.5548678577058643,1.5619680071826956,1.559165316599736,1.5070352717566866,1.5294567964203636,1.5204881865548927,1.5081563479898703,1.502550966823951,1.5361832538194666,1.502550966823951,1.4823715946266414,1.49358235695848,1.4756451372275383,1.4890980520257449,1.8247803069905109,5.835146249220429,6.57119970998067,4.7065205615769266,5.081607552771542,1.727596840279399,2.78194321542038,4.332992457517253,3.164849872093245,4.24067766641696,8.214990106803397,5.7239425014555385,1.5219389910919543,3.124056044981873,1.892524302795111,1.4891914456761044,1.4915433911442673,1.4913155610861715,3.967209899582909,0.47282937549011606,3.3893398372123906,2.6414228161891598,1.2893534899929557,0.38252289836278897,1.1391890508797395,0.5664130964596027,11.169317530901681
2.600840726194334,0.7548977437971364,0.7031585704495203,4.588181902306487,0.8346458596791652,0.7031585704495203,2.183288012609794,0.0,1.7753025491708279,0.8749901450126124,1.8040366573247653,0.8599385652912296,0.8598230331040678,0.9387948863371357,0.7507642446126354,0.9933864579442886,0.7031585704495203,2.3924920539421892,3.540484826071131,1.7940124944896954,0.7031585704495203,3.6811916547208092,0.9060839433498615,0.8266446036675038,0.7634627778531492,6.851737157245674,1.1621099329883267,0.995198929193915,0.9838013208232125,0.9619029650683545,0.820198929193915,0.9419478081176818,0.8820823372656639,0.8634724717948119,0.8349971354719418,0.8318581220190272,0.8246832341266502,0.7894814404046773,0.815266193767906,0.7868655958605816,0.7984500502701481,0.8023738170862916,0.7345487049786683,0.7614545345750808,0.7614545345750809,0.7267011713463813,0.7390330099114037,0.768180991974184,0.7300644000459329,0.7128745644704472,0.7166114852477267,0.7121271803149912,0.7121271803149912,1.1121912418140303,5.142319284358968,6.172555342161925,4.065309449948625,4.793097685382459,0.9690659375530791,2.0127823144280472,3.686412794103373,2.4860186008769976,3.6336011100043173,8.01541102464925,5.1795882318325654,0.7486610763846298,2.3385409354649713,1.1803414025958316,0.7077362690326154,0.7145725194335136,0.7143446893754177,3.961141006984933,0.44549675592779114,3.372167541247381,2.6123131640582056,1.2514662323621661,0.3825396464349713,1.1090893237579065,0.43380786930277115,11.70780271877557
2.6471800529849614,1.190764762151936,1.0780862208088144,4.0317891723779145,1.2148785498262575,1.0780862208088144,2.4191296022152695,1.7753025491708279,0.0,1.2732846319927051,1.9650898380695065,1.3880582074399213,1.1500095379601865,1.3332576699339556,1.1308709264667498,1.6038706492511707,1.0780862208088144,2.5660167626542747,3.6643365917937665,1.9578175169768506,1.0780862208088144,3.811518557551416,1.2725943570478102,1.2290677303694566,1.1443437047802922,6.461461640748173,1.5806987743434915,1.401973351783988,1.3894546671801016,1.3590361320530464,1.2119509302593245,1.3490959227854828,1.2756280603041676,1.256793979586679,1.234820885416275,1.2254038450575306,1.2218164011113424,1.20186124416067,1.2097087777929567,1.182802948196544,1.1906504818288313,1.1979374773445262,1.1260017523818955,1.1469285087346608,1.1469285087346608,1.1189016029050645,1.1245069840709836,1.153654966133764,1.1155383742055127,1.0983485386300271,1.1020854594073066,1.0976011544745712,1.0976011544745712,1.5284147355123676,5.423195583344993,6.436318335558646,4.13922977774202,4.85708413559835,1.302999952962964,2.1251977030812497,3.8607135831075934,2.4801401807897037,3.8720328818666117,7.907906615500146,5.177649018909926,1.1346626158304138,2.668720222080477,1.6066870289140334,1.0976945481249307,1.1000464935930936,1.0998186635349976,3.9745602545634244,0.4538819608877882,3.3714302424211433,2.61632504977693,1.2698165192999011,0.5858337617098117,1.127481210188027,0.2692594277075505,11.447132402065087
1.9854548779306345,0.2867843049264408,0.18465208738360483,3.888071932601024,0.32144441640104815,0.18465208738360483,1.6647815295438786,0.8749901450126124,1.2732846319927051,0.0,1.4519489937963592,0.5050708206067228,0.34131655003815264,0.4143518395741319,0.23225776154672018,0.5959319133608877,0.18465208738360483,1.8096883250708071,3.0296761075549323,1.3195111389503706,0.18465208738360483,3.529571528945909,0.3965662697211859,0.3250872731439616,3.651372975227229,6.046474522405649,2.0849056799448893,1.1351471368885555,1.2728270702954299,1.162429865161383,0.7015611187964306,1.0806834607289528,0.8115643452467478,0.7250090548728423,0.7609232738242826,0.7487546514861692,0.7543529810165257,0.6567056415707444,0.5431060955653814,0.46422197985672287,0.4487958488267001,0.6378443759989525,0.3401472955103916,0.3351897217922073,0.26157516430668193,0.295763198494716,0.2484479406531419,0.37695977969129735,0.2849274925591919,0.24054152381941873,0.18465208738360483,0.18465208738360483,0.18465208738360483,1.6582097796912971,5.2834122690429055,6.074500826705601,3.7699527476247474,4.77338752891499,0.4601288324775942,1.6463984127259308,3.391725210558876,1.9762948606561621,3.455694895013416,8.164251698154905,5.007089661791737,0.2299809983841581,2.0866236711350963,2.2520210457312015,0.23546547887384606,0.2494466393004393,0.2485353190680557,3.9663783630984266,0.4234267058042711,3.3537032412392014,2.6066597639213946,1.2408887339429482,0.3019727681309504,1.08257603209524,0.12682079397376278,12.191843017079215
2.5323941745972034,1.36942912395559,1.2672969064127546,3.7966082167386404,1.404089235430198,1.2672969064127546,2.690696559756439,1.8040366573247653,1.9650898380695065,1.4519489937963592,0.0,1.531482909959438,1.365410457428637,1.5119220317376096,1.3149025805758696,1.6999463867680769,1.2672969064127546,2.883886563564155,3.372047978355428,2.3552019220867324,1.2672969064127546,3.9029296396160644,1.3632222627829638,1.3839225683635874,1.3205342816867076,6.690512665112671,1.7203841778856765,1.5582161889239656,1.547192272630991,1.5107946642602883,1.3816466821975082,1.5008544549927247,1.4381489243499743,1.4320951126907815,1.3973417494620821,1.392409014036073,1.3681937673993017,1.3681937673993017,1.3816466821975082,1.3569830050674634,1.3625883862333827,1.3620278481167905,1.3031713458746381,1.3240981022274037,1.3211085656055799,1.295323812242351,1.3031713458746381,1.327835023004683,1.2942027360091672,1.2770129004336814,1.2807498212109611,1.2762655162782255,1.2762655162782255,1.6670406604165984,5.356046458954932,6.119723471222549,4.1094807445326955,4.918212806937974,1.4191708493693413,2.052791458815914,4.239471867087383,2.705024266825042,3.583482678006736,7.980345057941724,5.145856210611715,1.3098978032737412,2.462407809714293,1.7395118321139766,1.276358909928585,1.2708112661135602,1.278483025338652,3.9842467592627173,0.4630546135372836,3.3716584120512967,2.62716895280966,1.2657934956463168,0.4812582851736493,1.126079193373938,0.7063208267513104,11.253241191398669
2.1700452019892214,0.4225509507659536,0.32041873322311776,4.067418980488568,0.44822225280332106,0.32041873322311776,1.7867860962564142,0.8599385652912296,1.3880582074399213,0.5050708206067228,1.531482909959438,0.0,0.47708319587766546,0.5650438585479732,0.359035597948993,0.8430798440253899,0.32041873322311776,1.9161554054362506,3.131108693491293,1.36464081706346,0.32041873322311776,3.4332229414756927,0.532332915560699,0.4608539189834744,0.38652614359300963,7.128684502299054,0.7893735452272571,0.6124590919675124,0.6047984043740894,0.5755756838957636,0.4383559529540596,0.5674291966012941,0.4957550560930729,0.47288510093612224,0.45943218613791603,0.4518088677522658,0.45001514577917145,0.42692097537558416,0.4325263565415034,0.41608390512147364,0.38880438344733304,0.4252393610258084,0.35778794099591293,0.3742303924159429,0.3697460874832075,0.3462034865863465,0.35629317268500116,0.3809568498150461,0.34284025788679495,0.3301347272440447,0.3338716480213241,0.32938734308858864,0.32938734308858864,0.7419433969002478,5.410535537101608,6.3392747783960655,3.8074151860899543,4.629442909604037,0.5913909738126027,1.7773917888757063,3.594736009317379,2.274059859253458,3.333087065878372,8.153357567453044,5.063992075519222,0.36592123915822716,2.0471707631788614,0.8069511828845967,0.32504013298600376,0.33183268220711115,0.33160485214901514,3.9622344705106456,0.42946196021081695,3.3571784957343276,2.6096438320666957,1.2454060077738267,0.2881872131494897,1.0938210668782293,0.1713344160521315,12.099187640684196
2.081048256433658,0.25879668019738344,0.15107057165943927,3.9283847568742036,0.2878629006768826,0.15107057165943927,1.6367939048148217,0.8598230331040678,1.1500095379601865,0.34131655003815264,1.365410457428637,0.47708319587766546,0.0,0.3722320014580738,0.19090058090083206,0.6802950915985058,0.15107057165943927,1.8195348818336678,2.980695412433578,1.1821850010338721,0.15107057165943927,3.461777473008385,0.3640741404876243,0.2877421128721872,1.6049633741011644,5.696338142696046,1.6299402450997604,0.9686400432166847,1.0411780370775015,0.940711514190389,0.605900435440873,0.9350476503208899,0.6993702746539705,0.6503901215079009,0.6045019101955752,0.5952890253522802,0.6363289289831727,0.5368423147484902,0.4809675537262792,0.4328727564927731,0.41309976468768317,0.566701581406092,0.29822749919744296,0.3397341944794592,0.28960181744041447,0.2592933644967963,0.25393087127286096,0.3440529669413339,0.24727772692062044,0.22468034523086533,0.19038764772302452,0.1805179052014616,0.1656330725200187,1.3955142077624791,5.233803754586418,6.210176697758581,3.8612676434961477,4.747138694741229,0.4248689676484644,1.4897421509818285,3.3800079541297032,1.9908887660199106,3.34139144214778,8.294126757221239,4.9556601663869495,0.24201673623190478,1.990223215546317,1.7501952096711353,0.252393632030099,0.28991621059662676,0.28923272042233905,3.9602407162776974,0.42228965560696285,3.355388901743503,2.607223842445205,1.238831991951512,0.2797893570817317,1.0867924501108905,0.08579542325874645,12.224314946741007
2.198977971077879,0.346757342867691,0.24462512532485525,3.9357625563025227,0.3773851962777822,0.24462512532485525,1.6241086935511664,0.9387948863371357,1.3332576699339556,0.4143518395741319,1.5119220317376096,0.5650438585479732,0.3722320014580738,0.0,0.29223079948797037,0.7842353886695,0.24462512532485525,1.9265627432127035,3.042654339243911,1.3714196607625886,0.24462512532485525,3.530959981520918,0.45653930766243633,0.38506031108521177,1.2811784884435407,6.180099085181818,1.200925509876361,0.8046364566330189,0.8781698156827961,0.7680688786398658,0.5695540032842554,0.7641897137813866,0.7667404635764585,0.6500087021607682,0.5529934169493309,0.58120998155386,0.5548666991712315,0.5446757545740957,0.4727701660693463,0.4546882913405744,0.5271966090029496,0.5418730639911362,0.36539999392989886,0.36594245017176197,0.41044797117084586,0.31117847890988826,0.32351031747491077,0.4126901236372136,0.38532621988100546,0.2836096472400874,0.27958341646714746,0.25359373519032613,0.2491094302575907,1.2183805757185235,5.411194871146404,6.243912873314255,4.003983822993514,4.76392018543418,0.4555196357606308,1.6800605504784358,3.5320954832187486,2.1340741786580804,3.484530971377333,8.220357539311077,5.133745234207107,0.3387785106772603,2.1219686674897384,1.3490647318680633,0.344099315220614,0.4231425247421996,0.3615460112758422,3.9632247897047184,0.425474086610646,3.3580748576697,2.6017980932234432,1.2431117192711878,0.248464477957696,1.0938196389969748,0.10503516107690325,12.164396620625983
2.03383304559284,0.14973789170595087,0.04760567416311534,3.946331216666138,0.1803657451160421,0.04760567416311534,1.527735116323389,0.7507642446126354,1.1308709264667498,0.23225776154672018,1.3149025805758696,0.359035597948993,0.19090058090083206,0.29223079948797037,0.0,0.5734538583807827,0.04760567416311534,1.7852273415371882,2.9006942104634748,1.1824647257298806,0.04760567416311534,3.3266629577167075,0.2595198565006962,0.17590675380757392,6.7521864313787585,1.7984061020490771,3.9348874805401404,2.070143627883549,2.7844397120937763,2.073901823872876,1.5790582232814097,2.2146921798081713,2.0911148547460665,1.6421591645415896,1.2725196438359894,1.4316349679483584,1.4192252058960433,1.184291162653611,0.8721987594118997,0.8809624253683088,1.1880555083206041,1.4166218292092543,0.5445736049831617,0.5861541596529066,0.5706780094379401,0.3184714131911299,0.3264980140480124,0.6490772939916901,0.463561457913392,0.2653843593662957,0.10165704406435738,0.08521390216701097,0.05657428402858622,3.662266440148357,5.354136550088014,6.281501179657393,3.8258702316359985,4.718784561571217,0.31667216284684785,1.4800028091879227,3.361460726212809,2.00575130469796,3.3240556933519496,8.289755250802642,5.026109491404841,0.3023924649426517,1.953738037664094,4.606911849522857,0.5090661453064812,1.1937408595827073,0.6803924073648324,3.9619167323559203,0.41780374108595864,3.352215835934976,2.602106306294438,1.235194865885263,0.24149928935488607,1.0854124744518772,0.040028057374091874,12.328889430299704
2.295362350183585,0.6417424808874808,0.5396102633446451,4.3182977145251655,0.6405281529002047,0.5396102633446451,1.7153986391533715,0.9933864579442886,1.6038706492511707,0.5959319133608877,1.6999463867680769,0.8430798440253899,0.6802950915985058,0.7842353886695,0.5734538583807827,0.0,0.5396102633446451,2.264411417898205,3.359883193399984,1.6601956652581409,0.5396102633446451,3.609106123400304,0.7515244456822259,0.6662833699780241,0.6038650809699487,7.02455909932446,0.9775198873529237,0.8204398597572011,0.8112844038528664,0.7777268552728963,0.6512694561697571,0.7709256594582475,0.7059779763491295,0.6909555548244657,0.6759331332998021,0.6611349270217752,0.6656192319545106,0.6349017431652729,0.6405071243311922,0.5829585443610876,0.6349017431652729,0.6298569001159455,0.5710003978737931,0.5829585443610876,0.579969007739264,0.5676371691742415,0.5665160929410576,0.5956640750038379,0.5642739404746899,0.5478314890546601,0.5530631781428513,0.5485788732101159,0.5485788732101159,0.9310260224734087,5.369111370627978,6.198867554282966,3.840673378561716,4.867573024907011,0.8016138940686587,1.987594509559993,3.607841951181192,2.394778517480603,3.4886929538414577,8.153757978318438,5.12522305994033,0.5761441594142837,2.2315425674119513,0.9988705244894619,0.5486722668604755,0.5474509949452894,0.5507963822705425,3.9701777955082567,0.4389732514624458,3.3571078765353404,2.6119221564669592,1.2546010675220958,0.317265025462226,1.0989920546448795,0.29382965783960935,11.872779480151827
1.9862273714297254,0.10213221754283586,0.0,3.9127994249979583,0.1327600709529272,0.0,1.480129442160274,0.7031585704495203,1.0780862208088144,0.18465208738360483,1.2672969064127546,0.32041873322311776,0.15107057165943927,0.24462512532485525,0.04760567416311534,0.5396102633446451,0.0,1.7376216673740732,2.8530885363003593,1.1348590515667656,0.0,3.344919441562305,0.21191418233758097,0.1283010796444587,13.012186322614474,0.0,6.259259259259256,3.1138507399127033,4.13110158222403,3.202569289186984,2.3240455562279925,3.4946236559139807,2.834535642909861,2.2760287848487,1.9288125994575034,2.0922260137471103,2.2069691001813876,1.758094348688593,1.2469924411796014,1.194376217756318,1.4397469335605417,2.0970649969472537,0.7435589865369417,0.8274581266235612,0.6291164877389567,0.38817026863976734,0.33871168032731924,0.8528211511046878,0.5538851189890284,0.33257882507475545,0.02150537634408589,0.0,0.0,5.688770663366697,5.32360440106294,6.259152914089206,3.821396026489148,4.6921719578004,0.27547674509398923,1.4617463253423257,3.3489018053651565,1.9581456305348448,3.3084786819472933,8.310449256652053,5.031817154188671,0.2672035466795778,1.9196054778709546,7.151161859203412,0.5638472858775934,1.551398540052341,0.8534584977933939,3.961530579255572,0.41573286882995475,3.3520285690717,2.600687066802998,1.2331948969686315,0.23943480964770847,1.0833546469150712,0.016575855468326517,12.376495104462819
2.161207251635851,1.7629788573139118,1.7376216673740732,3.161170176758847,1.8744139963915165,1.7376216673740732,3.1995047254746343,2.3924920539421892,2.5660167626542747,1.8096883250708071,2.883886563564155,1.9161554054362506,1.8195348818336678,1.9265627432127035,1.7852273415371882,2.264411417898205,1.7376216673740732,0.0,3.808933799722938,2.864416202811806,1.7376216673740732,4.594524475851457,1.9195741694538864,1.7589531255945507,1.7837157475623733,5.980018123201427,2.188984206180558,2.019572340019813,2.004064118794103,1.9865005911408895,1.8537651651319207,1.9786530575086023,1.9111642682709342,1.8654243579570329,1.872150815356136,1.8627337749973916,1.8690118019032211,1.8441239095265396,1.8452449857597233,1.8288025343396934,1.830670994728333,1.84132121894358,1.7720013385250448,1.79292809487781,1.7869490216341628,1.7678907256700374,1.7734961068359567,1.7981597839660015,1.7600431920377502,1.7458428930840881,1.7510745821722793,1.746590277239544,1.746590277239544,2.1466543387385832,5.092145513208715,5.811297359828704,3.419697850901876,4.428458498865435,1.8908023667283125,2.6822827182111517,3.4236372659348433,2.7385026513808635,3.3696255445029406,6.830815212121449,4.330301508732032,1.7775847378040388,2.6411642399608954,2.2121520067744074,1.7466836708899036,1.7456411053073353,1.7488077862999707,3.9897549655980002,0.47791321360972616,3.38664274601164,2.6274672083944193,1.293658136027212,0.7291201651436653,1.1244961017474358,0.7708839174445886,10.688489412589519
3.829443095483972,2.9552207538431956,2.8530885363003593,6.608177126420218,2.97163448125809,2.8530885363003593,4.287120658169765,3.540484826071131,3.6643365917937665,3.0296761075549323,3.372047978355428,3.131108693491293,2.980695412433578,3.042654339243911,2.9006942104634748,3.359883193399984,2.8530885363003593,3.808933799722938,0.0,3.8917738130007775,2.8530885363003593,5.410965356226712,2.995068690944083,2.9725306516684196,2.8914068170888845,6.70607861685226,3.179580430056827,3.074501092354171,3.0649719443721084,3.0453531102913907,2.9324607336097763,3.0253605841329456,2.979097504910225,2.964075083385561,2.9535369667936333,2.9450167874214355,2.935151316569418,2.9382903300223324,2.9315638726232294,2.9203531102913907,2.9282006439236774,2.91418719100888,2.8784995975858605,2.8934472806949785,2.884478670829507,2.8699046797981174,2.884478670829507,2.9001737380940815,2.8755100609640367,2.8598149936994623,2.8620571461658306,2.8620571461658306,2.8530885363003593,3.1436074344425755,5.95891282965338,5.9251861323052575,5.054302010878194,5.561235297166959,3.0985293510623304,3.4532189448834485,4.726918098235117,3.813503223549069,4.494986995576994,7.75664334755363,5.481843262655331,2.879862474575221,3.628919295894547,3.1871839332932375,2.8621505398161897,2.8531382313490186,2.8642746552262572,4.024155754464896,0.5362890331215379,3.3897788057292635,2.669320615379057,1.308675331529002,0.63008544760279,1.1894695944884004,1.3707205884234086,9.865205002493472
3.0509135664741835,1.198256372165749,1.1348590515667656,4.9567963886993684,1.2579095010290002,1.1348590515667656,2.5014169921033242,1.7940124944896954,1.9578175169768506,1.3195111389503706,2.3552019220867324,1.36464081706346,1.1821850010338721,1.3714196607625886,1.1824647257298806,1.6601956652581409,1.1348590515667656,2.864416202811806,3.8917738130007775,0.0,1.1348590515667656,4.299080675355347,1.3467732339043463,1.2576603432076592,1.1929326371123072,7.381137417174634,1.4951557055853923,1.3607559125533126,1.3609427585921767,1.3478635358716984,1.23037474663403,1.3459950754830583,1.2635586031362722,1.263782818382909,1.234634836320129,1.2456213834053305,1.2258904417012948,1.2211819215219224,1.2402402174860478,1.208102698801444,1.2144554641228194,1.2251056883380658,1.1602701128522663,1.1767125642722962,1.1797021008941195,1.153917347530891,1.1617648811631782,1.1774599484277521,1.1595227286968104,1.1415855089658686,1.1438276614322365,1.1438276614322365,1.1438276614322365,1.4558071617525439,5.608227339442983,6.583101067350498,4.558519971391878,5.119879783332174,1.3738598588395252,2.241481686068339,3.982723943325256,2.8198406537823844,3.91457222664532,8.259852388962667,5.397889764761078,1.1661172947743625,2.778774218195786,1.505502993358729,1.1375089642348915,1.1462730005507589,1.1437557185858593,3.975929688161917,0.4645658263923137,3.377648559019403,2.626465170584181,1.2637016400148566,0.3470050882555955,1.1282097791027916,0.42413925829372645,11.448219514980293
1.9862273714297254,0.10213221754283586,0.0,3.9127994249979583,0.1327600709529272,0.0,1.480129442160274,0.7031585704495203,1.0780862208088144,0.18465208738360483,1.2672969064127546,0.32041873322311776,0.15107057165943927,0.24462512532485525,0.04760567416311534,0.5396102633446451,0.0,1.7376216673740732,2.8530885363003593,1.1348590515667656,0.0,3.344919441562305,0.21191418233758097,0.1283010796444587,13.012186322614474,0.0,6.259259259259256,3.1138507399127033,4.13110158222403,3.202569289186984,2.3240455562279925,3.4946236559139807,2.834535642909861,2.2760287848487,1.9288125994575034,2.0922260137471103,2.2069691001813876,1.758094348688593,1.2469924411796014,1.194376217756318,1.4397469335605417,2.0970649969472537,0.7435589865369417,0.8274581266235612,0.6291164877389567,0.38817026863976734,0.33871168032731924,0.8528211511046878,0.5538851189890284,0.33257882507475545,0.02150537634408589,0.0,0.0,5.688770663366697,5.32360440106294,6.259152914089206,3.821396026489148,4.6921719578004,0.27547674509398923,1.4617463253423257,3.3489018053651565,1.9581456305348448,3.3084786819472933,8.310449256652053,5.031817154188671,0.2672035466795778,1.9196054778709546,7.151161859203412,0.5638472858775934,1.551398540052341,0.8534584977933939,3.961530579255572,0.41573286882995475,3.3520285690717,2.600687066802998,1.2331948969686315,0.23943480964770847,1.0833546469150712,0.016575855468326517,12.376495104462819
4.226505400030315,3.4417466193173416,3.344919441562305,5.310800971677331,3.4772072660752436,3.344919441562305,3.5685831541993593,3.6811916547208092,3.811518557551416,3.529571528945909,3.9029296396160644,3.4332229414756927,3.461777473008385,3.530959981520918,3.3266629577167075,3.609106123400304,3.344919441562305,4.594524475851457,5.410965356226712,4.299080675355347,3.344919441562305,0.0,3.322355431235867,3.342526400900824,3.378222246576788,7.217154163292807,3.64967970372167,3.5371840155533363,3.5306444041930973,3.524740069364995,3.425188499858269,3.5023185447013185,3.4628566612932463,3.458148141113874,3.4408835671228433,3.4162198899927985,3.4314665267640985,3.403215405687865,3.403215405687865,3.4091944789315125,3.406578634387417,3.411623477436744,3.3658461979150696,3.386772954267835,3.385278185956923,3.368462042459166,3.3673409662259814,3.37855172855782,3.365098813759614,3.3456668257177604,3.3538880514277754,3.344919441562305,3.3494037464950406,3.6142980450216253,5.9930242077761475,6.499013507307135,5.4914420421789885,5.252771896458722,3.3310058961987643,4.253504629492976,5.3716940586461455,4.533396915890393,4.876703972881504,7.349399701156958,5.9853815168840105,3.3856738599215763,4.210795186973515,3.6400189447716604,3.3494971401453997,3.3563333905462978,3.356105560488202,3.9930020442153533,0.5499249638802375,3.436267461076853,2.672753667861586,1.3549576959405831,0.6267940344377522,1.199988611938903,1.4108098079876872,9.846174979570053
2.056578690147108,0.3140463998804168,0.21191418233758097,3.863867537406782,0.34870651135502406,0.21191418233758097,1.6920436244978547,0.9060839433498615,1.2725943570478102,0.3965662697211859,1.3632222627829638,0.532332915560699,0.3640741404876243,0.45653930766243633,0.2595198565006962,0.7515244456822259,0.21191418233758097,1.9195741694538864,2.995068690944083,1.3467732339043463,0.21191418233758097,3.322355431235867,0.0,0.3523493680979378,0.2791053314822015,7.2616983740653005,0.6925971764734898,0.5185285321133657,0.5045150791985675,0.4787303258353388,0.3379231509474465,0.46938802389213996,0.396219115073007,0.3722280836828724,0.35272135722547315,0.34778862179946435,0.34778862179946435,0.3217796531895989,0.31505319579049573,0.3090741225468484,0.3116899670909442,0.3178558863734554,0.24928339011037604,0.27021014646314134,0.27021014646314145,0.24218324063354502,0.24778862179946437,0.2724522989295092,0.23657785946762577,0.2216301763585078,0.22536709713578718,0.22088279220305174,0.22088279220305174,0.6401653034138141,5.385171614113629,6.446405972967211,3.933694155040946,4.789533856352801,0.48739092743157053,1.645604579327891,3.5240602146704845,2.1425128160075153,3.332990681014839,8.276845014042866,5.094966484951205,0.2579442535588945,1.981064649478892,0.7156950888705977,0.2209761858534114,0.22332813132157425,0.22310030126347835,3.963865871463368,0.4247954330919068,3.3543024390024643,2.60798008513188,1.2429769931126255,0.26355054424784385,1.0919583863459377,0.12029878743899358,12.221511247772705
1.9901595622509356,0.24256740330319237,0.1283010796444587,3.9377246862114657,0.265093408661902,0.1283010796444587,1.5958135378046419,0.8266446036675038,1.2290677303694566,0.3250872731439616,1.3839225683635874,0.4608539189834744,0.2877421128721872,0.38506031108521177,0.17590675380757392,0.6662833699780241,0.1283010796444587,1.7589531255945507,2.9725306516684196,1.2576603432076592,0.1283010796444587,3.342526400900824,0.3523493680979378,0.0,0.20855827244761316,7.105015210168719,0.6349160412277594,0.4526549167020608,0.4427520766422701,0.4153230781370384,0.2664441543702223,0.40388810055856306,0.32832756244197114,0.30747554450475134,0.28662352656753165,0.2772064862087872,0.27810334719533425,0.2536638853119263,0.26151141894421326,0.2375951259696243,0.2424531229800877,0.2497401184957827,0.17780439353315192,0.19873114988591734,0.1942468449531819,0.1707042440563209,0.1718253202895047,0.20545760728502038,0.16734101535676926,0.14865641147037179,0.15388810055856306,0.14940379562582762,0.14940379562582762,0.5834204516155778,5.320783776321605,6.2712576624822,3.844297508294611,4.707129533849041,0.3705970307007357,1.5687437926725174,3.3101527510376565,1.9406042522717346,3.321673956834407,8.240304229078111,4.960871591331437,0.18646525698167038,1.9428790622356038,0.660409418592503,0.14949718927618716,0.15184913474435002,0.15162130468625412,3.96519467132597,0.42161343573637167,3.3530671216222627,2.600231023914327,1.2348025630808361,0.2605711505272571,1.0892308655817557,0.12816375317743656,12.236059918702464
2.0291032467521366,0.17068470830669924,13.012186322614474,3.9333663362133526,7.821088151672301,13.012186322614474,1.5352746493780778,0.7634627778531492,1.1443437047802922,3.651372975227229,1.3205342816867076,0.38652614359300963,1.6049633741011644,1.2811784884435407,6.7521864313787585,0.6038650809699487,13.012186322614474,1.7837157475623733,2.8914068170888845,1.1929326371123072,13.012186322614474,3.378222246576788,0.2791053314822015,0.20855827244761316,0.0,5.317568227755983,7.271048685232216,7.271048685232216,7.271048685232216,7.271048685232216,7.271048685232216,7.271048685232216,7.271048685232216,7.271048685232216,7.271048685232216,7.271048685232216,7.271048685232216,7.271048685232216,7.271048685232216,7.271048685232216,7.271048685232216,7.271048685232216,7.271048685232216,7.271048685232216,7.271048685232216,7.271048685232216,7.271048685232216,7.271048685232216,7.271048685232216,7.271048685232216,7.271048685232216,7.271048685232216,7.271048685232216,7.271048685232216,5.317482343278071,6.24934149215719,3.8385115588056724,4.698336735283683,1.0366947850600998,1.514099720771471,3.3794386497588795,2.004740570979677,3.3378153266222768,8.275556475649068,5.0370121215465815,7.271048685232216,1.9648268980249195,7.271048685232216,7.271048685232216,7.271048685232216,7.271048685232216,3.9626333975669783,0.4184998777981994,3.353287904051131,2.6021582655427395,1.2355072053838507,1.2259996491014724,1.085810596023325,4.569375211474638,12.312643278188595
9.225806451612904,12.061251023201756,0.0,8.112799720832298,0.0,0.0,11.242732792689175,11.584396035463193,10.763440860215054,6.046474522405649,11.195266590530224,11.906861814022353,2.7212256171853744,0.0,0.0,11.723140790803448,0.0,10.064516129032258,10.016174816852413,11.385187320507772,0.0,9.703091888081483,12.04924438169774,12.048354246865788,4.554724213460773,0.0,0.7005526656933745,0.9771477769337187,1.20069087611019,1.0725712794430522,1.5621365989585665,1.2325144036733517,1.0502048252420777,1.3375838185815945,1.5787955072948896,1.5134155116099794,1.4414734891401153,1.4897296448816064,1.1073702869151143,1.2115820636299708,0.5777248587677567,1.2647241581757471,0.7851034537824807,1.2639273520368008,0.15519612806459882,0.5710492550825148,0.756269646005084,0.0,0.69352161831412,1.514181914772227,0.029256996474695596,0.0,0.0,0.765338944832731,6.328980209848941,5.635792611519218,7.268817204301072,7.384366889747676,5.623152125317094,11.233524131328709,9.449607864012208,10.880754603749098,8.661761352330066,3.9275228598128624,7.710901297885952,1.6964675742791666,10.065611273939751,0.6373102349653912,0.4456721344038258,0.592033462415173,0.3599412155201277,8.815649107884978,11.839786217217638,9.284857015229615,9.390783791159382,11.235838886512424,0.0,11.259904044044722,0.989247311827957,0.6864587725402754
