0,1,2,3,4,5,6,7,8,9,10,11,12,13,14,15,16,17,18,19,20,21,22,23,24,25,26,27,28,29,30,31,32,33,34,35,36,37,38,39,40,41,42,43,44,45,46,47,48,49,50,51,52,53,54,55,56,57,58,59,60,61,62,63,64,65,66,67,68,69,70,71,72,73,74,75,76,77,78,79
0.0,0.0,0.0,0.0,0.0,0.0,0.0,0.0,0.0,0.0,0.0,0.0,0.0,0.0,0.0,0.0,0.0,0.0,0.0,0.0,0.0,0.0,0.0,0.0,0.0,0.0,0.0,0.0,0.0,0.0,0.0,0.0,0.0,0.0,0.0,0.0,0.0,0.0,0.0,0.0,0.0,0.0,0.0,0.0,0.0,0.0,0.0,0.0,0.0,0.0,0.0,0.0,0.0,0.0,0.0,0.0,0.0,0.0,0.0,0.0,0.0,0.0,0.0,0.0,0.0,0.0,0.0,0.0,0.0,0.0,0.0,0.0,0.9949252592815025,0.0,0.0,0.0,0.0,0.0,0.994032910907127,0.0
0.0,0.0,1.0,0.0,0.9987013845138303,0.9998541101997906,0.0,0.9789735507680151,0.0,0.9999986915712985,0.0,0.9880311484536662,0.9999744856403222,0.9973183753764187,0.9996997156130217,0.9859618684623542,0.999995420499545,0.0,0.0,0.0,0.9999116810626535,0.0,0.9918988636950942,0.9999875699273364,0.0,0.9918393301891792,0.0,0.0,0.0,0.0,0.0,0.0,0.0,0.0,0.0,0.0,0.0,0.0,0.0,0.0,0.0,0.0,0.9814137702961825,0.0,0.9964155595724317,0.9784155059268549,0.9986464305083704,0.9897772465557251,0.9960976113979841,0.9980360485191532,0.9999417749227864,0.9996473784649645,0.9999463544232413,0.0,0.0,0.0,0.0,0.0,0.9969572490548239,0.0,0.0,0.0,0.0,0.0,0.0,0.9909162337403201,0.0,0.0,0.9776082054180724,0.0,0.9935226237135693,0.0,0.9981466107444239,0.0,0.0,0.0,0.9989153126065141,0.0,0.9997618659763396,0.0
0.0,1.0,0.0,0.0,0.998741291589224,0.9998848582742742,0.0,0.9797193551278303,0.0,1.0,0.0,0.9884459203520196,0.9999941120708434,0.9973752920249307,0.9997239215439981,0.9865748673089743,1.0,0.0,0.0,0.0,0.99992672799272,0.0,0.9923659727415047,0.9999986915712985,0.0,1.0,0.0,0.0,0.0,0.0,0.0,0.0,0.0,0.0,0.0,0.0,0.0,0.0,0.0,0.0,0.0,0.0,0.9781819514036496,0.0,0.9969493984826152,0.9757816389508757,0.9988283020978691,0.9873154379539838,0.9963141563480709,0.9978757660032279,1.0,0.9998410259127762,1.0,0.0,0.0,0.0,0.0,0.0,0.9972424865117355,0.0,0.0,0.0,0.0,0.0,0.0,0.9909456733861024,0.0,0.0,0.9766857631835639,0.0,0.9911098811881318,0.0,0.9981649287462441,0.0,0.0,0.0,0.9989166210352158,0.0,0.9997625201906905,0.0
0.0,0.0,0.0,0.0,0.0,0.0,0.0,0.0,0.0,0.0,0.0,0.0,0.0,0.0,0.0,0.0,0.0,0.0,0.0,0.0,0.0,0.0,0.0,0.0,0.0,0.0,0.0,0.0,0.0,0.0,0.0,0.0,0.0,0.0,0.0,0.0,0.0,0.0,0.0,0.0,0.0,0.0,0.0,0.0,0.0,0.0,0.0,0.0,0.0,0.0,0.0,0.0,0.0,0.0,0.0,0.0,0.0,0.0,0.0,0.0,0.0,0.0,0.0,0.0,0.0,0.0,0.0,0.0,0.0,0.0,0.0,0.0,0.9912564252026919,0.0,0.0,0.0,0.0,0.0,0.0,0.0
0.0,0.9987013845138303,0.998741291589224,0.0,0.0,0.9978666070023179,0.0,0.0,0.0,0.9987013845138303,0.0,0.9803264660452939,0.998566616357583,0.9925118625417143,0.9972895899449871,0.9797101961269201,0.998722973587404,0.0,0.0,0.0,0.9980628713075325,0.0,0.9852782144658567,0.9986614774384368,0.0,0.0,0.0,0.0,0.0,0.0,0.0,0.0,0.0,0.0,0.0,0.0,0.0,0.0,0.0,0.0,0.0,0.0,0.9805946939290872,0.0,0.9933446774101747,0.0,0.9961244341863634,0.988378536273896,0.9934297252757677,0.9956743347130715,0.9984396987735443,0.9974289376016895,0.9983912869115914,0.0,0.0,0.0,0.0,0.0,0.9922900838768219,0.0,0.0,0.0,0.0,0.0,0.0,0.9876307692710286,0.0,0.0,0.0,0.0,0.9911582930500846,0.0,0.9979182899360244,0.0,0.0,0.0,0.998817180453907,0.0,0.9996127051043767,0.0
0.0,0.9998541101997906,0.9998848582742742,0.0,0.9978666070023179,0.0,0.0,0.9763946377974958,0.0,0.9998730824159613,0.0,0.985877474811112,0.9998070067665389,0.9960675175378512,0.9992437282105732,0.9838225875355158,0.9998613065576483,0.0,0.0,0.0,0.9996172846048318,0.0,0.9902423929590835,0.9998403716984254,0.0,0.0,0.0,0.0,0.0,0.0,0.0,0.0,0.0,0.9766373513216111,0.0,0.0,0.0,0.9751594811033457,0.9801759967446294,0.9840953949197639,0.9862497227766689,0.9756292070071592,0.9962827540592365,0.9944489912341818,0.9990965299816623,0.9968892107623494,0.999334009790972,0.9961806966205249,0.9988433490279356,0.9990847541233495,0.9998671944868048,0.9998671944868048,0.9998671944868048,0.0,0.0,0.0,0.0,0.0,0.9959052723788738,0.0,0.0,0.0,0.0,0.0,0.0,0.9988754055311206,0.0,0.0,0.99888391031768,0.9984370819161416,0.9991259696274446,0.0,0.9977023992002884,0.0,0.0,0.0,0.9980975446681204,0.0,0.9997487816893252,0.0
0.0,0.0,0.0,0.0,0.0,0.0,0.0,0.0,0.0,0.0,0.0,0.0,0.0,0.0,0.0,0.0,0.0,0.0,0.0,0.0,0.0,0.0,0.0,0.0,0.0,0.0,0.0,0.0,0.0,0.0,0.0,0.0,0.0,0.0,0.0,0.0,0.0,0.0,0.0,0.0,0.0,0.0,0.0,0.0,0.0,0.0,0.0,0.0,0.0,0.0,0.0,0.0,0.0,0.0,0.0,0.0,0.0,0.0,0.0,0.0,0.0,0.0,0.0,0.0,0.0,0.0,0.0,0.0,0.0,0.0,0.0,0.0,0.995447976547724,0.0,0.0,0.0,0.9927513049940762,0.0,0.9917326932500126,0.0
0.0,0.9789735507680151,0.9797193551278303,0.0,0.0,0.9763946377974958,0.0,0.0,0.0,0.9795649605410615,0.0,0.0,0.9778463394417327,0.0,0.0,0.0,0.9792731809406425,0.0,0.0,0.0,0.9780916698232509,0.0,0.0,0.9783912999958785,0.9752890155447871,0.0,0.0,0.0,0.0,0.0,0.0,0.0,0.0,0.0,0.0,0.0,0.0,0.0,0.0,0.0,0.0,0.0,0.9776003548458637,0.9761833265622147,0.9771868913762118,0.9772248358085533,0.978562049941415,0.9776376450638545,0.9775624104135223,0.9788544837561848,0.9789271015491142,0.979216918506481,0.9791443007135516,0.0,0.0,0.0,0.0,0.0,0.0,0.0,0.0,0.0,0.0,0.0,0.0,0.9774211001137678,0.0,0.0,0.9793091627299317,0.9789866350550291,0.9795100065356014,0.0,0.9965444397995226,0.0,0.0,0.0,0.9884740515691005,0.0,0.9971862240775741,0.0
0.0,0.0,0.0,0.0,0.0,0.0,0.0,0.0,0.0,0.0,0.0,0.0,0.0,0.0,0.0,0.0,0.0,0.0,0.0,0.0,0.0,0.0,0.0,0.0,0.0,0.0,0.0,0.0,0.0,0.0,0.0,0.0,0.0,0.0,0.0,0.0,0.0,0.0,0.0,0.0,0.0,0.0,0.0,0.0,0.0,0.0,0.0,0.0,0.0,0.0,0.0,0.0,0.0,0.0,0.0,0.0,0.0,0.0,0.0,0.0,0.0,0.0,0.0,0.0,0.0,0.0,0.0,0.0,0.0,0.0,0.0,0.0,0.9955840531326727,0.0,0.0,0.0,0.0,0.0,0.9964718220065932,0.0
0.0,0.9999986915712985,1.0,0.0,0.9987013845138303,0.9998730824159613,0.0,0.9795649605410615,0.0,0.0,0.0,0.9883288159832417,0.9999914952134407,0.9973183753764187,0.9997049493278275,0.9864486039392862,0.9999993457856493,0.0,0.0,0.0,0.9999169147774591,0.0,0.9922698032319497,0.9999973831425972,0.0,0.9994079360126027,0.0,0.0,0.0,0.0,0.0,0.0,0.0,0.0,0.0,0.0,0.0,0.0,0.0,0.0,0.0,0.0,0.977517269623323,0.0,0.9959569553125804,0.0,0.9984429698452979,0.9867201028948331,0.9954447054759703,0.9976572584100891,0.9999705603542179,0.9997199962578939,0.9999751398546728,0.0,0.0,0.0,0.0,0.0,0.9971842614345219,0.0,0.0,0.0,0.0,0.0,0.0,0.9896025713240841,0.0,0.0,0.9766085658901796,0.0,0.9917130668194911,0.0,0.9981610034601396,0.0,0.0,0.0,0.9989153126065141,0.0,0.9997618659763396,0.0
0.0,0.0,0.0,0.0,0.0,0.0,0.0,0.0,0.0,0.0,0.0,0.0,0.0,0.0,0.0,0.0,0.0,0.0,0.0,0.0,0.0,0.0,0.0,0.0,0.0,0.0,0.0,0.0,0.0,0.0,0.0,0.0,0.0,0.0,0.0,0.0,0.0,0.0,0.0,0.0,0.0,0.0,0.0,0.0,0.0,0.0,0.0,0.0,0.0,0.0,0.0,0.0,0.0,0.0,0.0,0.0,0.0,0.0,0.0,0.0,0.0,0.0,0.0,0.0,0.0,0.0,0.0,0.0,0.0,0.0,0.0,0.0,0.9944064673013855,0.0,0.0,0.0,0.0,0.0,0.9786856964537002,0.0
0.0,0.9880311484536662,0.9884459203520196,0.0,0.9803264660452939,0.985877474811112,0.0,0.0,0.0,0.9883288159832417,0.0,0.0,0.987007302994797,0.9751248077427576,0.9851480258100646,0.0,0.9881057288896478,0.0,0.0,0.0,0.9864963615868884,0.0,0.0,0.9874279628223068,0.9849105460007549,0.0,0.0,0.0,0.0,0.0,0.9790121494147072,0.0,0.9776356824208023,0.9831363166816155,0.9819188237749346,0.9813607789337745,0.982397708679658,0.9821209760093055,0.9837408107416763,0.9833966939932001,0.9853887766911277,0.9830820168905061,0.986777673757696,0.9859121481716998,0.9866128117413158,0.9866415971727472,0.9876163765553129,0.9867874869729567,0.9867874869729567,0.9877472194254558,0.9878401178632575,0.9881724587534207,0.9880069425226897,0.0,0.0,0.0,0.0,0.0,0.9752157435375071,0.0,0.0,0.0,0.0,0.0,0.0,0.9866769247476859,0.0,0.0,0.9881292806062736,0.9878859128678076,0.9882444223319993,0.0,0.996968370698786,0.0,0.0,0.0,0.9961793881918236,0.0,0.9984351192730894,0.0
0.0,0.9999744856403222,0.9999941120708434,0.0,0.998566616357583,0.9998070067665389,0.0,0.9778463394417327,0.0,0.9999914952134407,0.0,0.987007302994797,0.0,0.9971260363573082,0.9997232673296476,0.9850309214412865,0.9999842988555828,0.0,0.0,0.0,0.9998737366303119,0.0,0.9912924069919813,0.999949625494995,0.0,0.0,0.0,0.0,0.0,0.0,0.0,0.0,0.0,0.0,0.0,0.0,0.0,0.0,0.0,0.0,0.9774793251909815,0.0,0.9919243780547722,0.9902999638219463,0.9987373663031197,0.9941382394175923,0.9992960653586305,0.9953570407529745,0.9986228787917446,0.9989584907536615,0.9999568218528527,0.9997618659763396,0.9999568218528527,0.0,0.0,0.0,0.0,0.0,0.9965097664389347,0.0,0.0,0.0,0.0,0.0,0.0,0.9973811799540873,0.0,0.0,0.9953956393996668,0.9915030640129116,0.9975375371839081,0.0,0.9981335264574097,0.0,0.0,0.0,0.9987543758762384,0.0,0.9997599033332876,0.0
0.0,0.9973183753764187,0.9973752920249307,0.0,0.9925118625417143,0.9960675175378512,0.0,0.0,0.0,0.9973183753764187,0.0,0.9751248077427576,0.9971260363573082,0.0,0.9954054526149275,0.0,0.9973491234509022,0.0,0.0,0.0,0.9969179961937809,0.0,0.9860174766821651,0.9972608045135556,0.0,0.0,0.0,0.0,0.0,0.0,0.0,0.0,0.0,0.9750391056628139,0.0,0.9755369627837083,0.0,0.9761349147002618,0.9817964856913508,0.9816538669628949,0.9848346571360721,0.0,0.9896078050388897,0.9902077195984956,0.9950063818609912,0.991338856210882,0.9959903202444668,0.9936416907253994,0.9948133886275303,0.9959948997449218,0.9970795871384075,0.9966118238776462,0.9972156637233562,0.0,0.0,0.0,0.0,0.0,0.9925380311157429,0.0,0.0,0.0,0.0,0.0,0.0,0.9916299815969504,0.0,0.0,0.9891537802794935,0.9795885122576873,0.994570675103415,0.0,0.9975035180376709,0.0,0.0,0.0,0.9983010053311928,0.0,0.9989107331060593,0.0
0.0,0.9996997156130217,0.9997239215439981,0.0,0.9972895899449871,0.9992437282105732,0.0,0.0,0.0,0.9997049493278275,0.0,0.9851480258100646,0.9997232673296476,0.9954054526149275,0.0,0.9829014537297087,0.9997095288282823,0.0,0.0,0.0,0.9997180336148417,0.0,0.9894148118054288,0.9996800891825003,0.0,0.0,0.0,0.0,0.0,0.0,0.0,0.0,0.0,0.0,0.0,0.0,0.0,0.0,0.0,0.0,0.0,0.0,0.9850852212323958,0.977094647152761,0.9960341526059647,0.9805436652097312,0.9980543665209731,0.9911177317603403,0.9959713480282961,0.997714829272952,0.9995453210262529,0.9990069026156143,0.9995413957401487,0.0,0.0,0.0,0.0,0.0,0.9952085340953623,0.0,0.0,0.0,0.0,0.0,0.0,0.9908619339492107,0.0,0.0,0.9788544837561848,0.0,0.9943050640770246,0.0,0.9980537123066224,0.0,0.0,0.0,0.9988819476746278,0.0,0.9996519579654195,0.0
0.0,0.9859618684623542,0.9865748673089743,0.0,0.9797101961269201,0.9838225875355158,0.0,0.0,0.0,0.9864486039392862,0.0,0.0,0.9850309214412865,0.0,0.9829014537297087,0.0,0.9862085072725739,0.0,0.0,0.0,0.9844839982440887,0.0,0.0,0.9854816751289293,0.9827843493609306,0.0,0.0,0.0,0.0,0.0,0.9770004402862581,0.0,0.9754080825566174,0.980836099024501,0.9798992640742769,0.9791972920759595,0.9804239439835505,0.9802531940380138,0.9817284473988764,0.9832364114772749,0.9813647042198788,0.9815701275260034,0.9847849368454178,0.9841994150015276,0.9849190507873142,0.9847640019861948,0.9856831731489496,0.9849190507873142,0.9849812011506321,0.985863736309747,0.9860436452561936,0.9861627122680238,0.9861031787621087,0.0,0.0,0.0,0.0,0.0,0.0,0.0,0.0,0.0,0.0,0.0,0.0,0.9850283045838837,0.0,0.0,0.9861267304787344,0.9860390657557385,0.986403463149087,0.0,0.9968879023336481,0.0,0.0,0.0,0.9944188973740491,0.0,0.9972994031602479,0.0
0.0,0.999995420499545,1.0,0.0,0.998722973587404,0.9998613065576483,0.0,0.9792731809406425,0.0,0.9999993457856493,0.0,0.9881057288896478,0.9999842988555828,0.9973491234509022,0.9997095288282823,0.9862085072725739,0.0,0.0,0.0,0.0,0.9999169147774591,0.0,0.9920872774281002,0.9999928036421422,0.0,0.9880651675999035,0.0,0.0,0.0,0.0,0.0,0.0,0.0,0.0,0.0,0.0,0.0,0.0,0.0,0.0,0.0,0.0,0.9820529377168311,0.0,0.996051816393434,0.9784279359995185,0.9986039065755739,0.9902037943123913,0.9958038691545129,0.998153807102282,0.9999273822070707,0.9996336399635996,0.9999522423523978,0.0,0.0,0.0,0.0,0.0,0.9970730449949005,0.0,0.0,0.0,0.0,0.0,0.0,0.9910235248938373,0.0,0.0,0.978672612166686,0.0,0.9944954404530827,0.0,0.998153807102282,0.0,0.0,0.0,0.998915966820865,0.0,0.9997625201906905,0.0
0.0,0.0,0.0,0.0,0.0,0.0,0.0,0.0,0.0,0.0,0.0,0.0,0.0,0.0,0.0,0.0,0.0,0.0,0.0,0.0,0.0,0.0,0.0,0.0,0.0,0.0,0.0,0.0,0.0,0.0,0.0,0.0,0.0,0.0,0.0,0.0,0.0,0.0,0.0,0.0,0.0,0.0,0.0,0.0,0.0,0.0,0.0,0.0,0.0,0.0,0.0,0.0,0.0,0.0,0.0,0.0,0.0,0.0,0.0,0.0,0.0,0.0,0.0,0.0,0.0,0.0,0.0,0.0,0.0,0.0,0.0,0.0,0.9958149907984751,0.0,0.0,0.0,0.9805403941379778,0.0,0.9919433502709429,0.0
0.0,0.0,0.0,0.0,0.0,0.0,0.0,0.0,0.0,0.0,0.0,0.0,0.0,0.0,0.0,0.0,0.0,0.0,0.0,0.0,0.0,0.0,0.0,0.0,0.0,0.0,0.0,0.0,0.0,0.0,0.0,0.0,0.0,0.0,0.0,0.0,0.0,0.0,0.0,0.0,0.0,0.0,0.0,0.0,0.0,0.0,0.0,0.0,0.0,0.0,0.0,0.0,0.0,0.0,0.0,0.0,0.0,0.0,0.0,0.0,0.0,0.0,0.0,0.0,0.0,0.0,0.0,0.0,0.0,0.0,0.0,0.0,0.9924896192537901,0.0,0.0,0.0,0.0,0.0,0.0,0.0
0.0,0.0,0.0,0.0,0.0,0.0,0.0,0.0,0.0,0.0,0.0,0.0,0.0,0.0,0.0,0.0,0.0,0.0,0.0,0.0,0.0,0.0,0.0,0.0,0.0,0.0,0.0,0.0,0.0,0.0,0.0,0.0,0.0,0.0,0.0,0.0,0.0,0.0,0.0,0.0,0.0,0.0,0.0,0.0,0.0,0.0,0.0,0.0,0.0,0.0,0.0,0.0,0.0,0.0,0.0,0.0,0.0,0.0,0.0,0.0,0.0,0.0,0.0,0.0,0.0,0.0,0.0,0.0,0.0,0.0,0.0,0.0,0.9963691103535308,0.0,0.0,0.0,0.996747900462595,0.0,0.9977311846317198,0.0
0.0,0.9999116810626535,0.99992672799272,0.0,0.9980628713075325,0.9996172846048318,0.0,0.9780916698232509,0.0,0.9999169147774591,0.0,0.9864963615868884,0.9998737366303119,0.9969179961937809,0.9997180336148417,0.9844839982440887,0.9999169147774591,0.0,0.0,0.0,0.0,0.0,0.9909672624596758,0.999901213633042,0.0,0.0,0.0,0.0,0.0,0.0,0.0,0.0,0.0,0.0,0.0,0.0,0.0,0.0,0.0,0.0,0.0,0.0,0.9869687043481048,0.9795858954002843,0.9969382768386531,0.9829793052374438,0.9987157772295461,0.9933963603438812,0.996791078609742,0.9984226892004257,0.9998299042688139,0.9994753200907265,0.9998318669118662,0.0,0.0,0.0,0.0,0.0,0.9962389216977385,0.0,0.0,0.0,0.0,0.0,0.0,0.9923594305979977,0.0,0.0,0.9810487186884833,0.0,0.9954335838320082,0.0,0.9981047410259781,0.0,0.0,0.0,0.9989061536056043,0.0,0.9996755096820452,0.0
0.0,0.0,0.0,0.0,0.0,0.0,0.0,0.0,0.0,0.0,0.0,0.0,0.0,0.0,0.0,0.0,0.0,0.0,0.0,0.0,0.0,0.0,0.0,0.0,0.0,0.0,0.0,0.0,0.0,0.0,0.0,0.0,0.0,0.0,0.0,0.0,0.0,0.0,0.0,0.0,0.0,0.0,0.0,0.0,0.0,0.0,0.0,0.0,0.0,0.0,0.0,0.0,0.0,0.0,0.0,0.0,0.0,0.0,0.0,0.0,0.0,0.0,0.0,0.0,0.0,0.0,0.0,0.0,0.0,0.0,0.0,0.0,0.9924340110339792,0.0,0.0,0.0,0.0,0.0,0.0,0.0
0.0,0.9918988636950942,0.9923659727415047,0.0,0.9852782144658567,0.9902423929590835,0.0,0.0,0.0,0.9922698032319497,0.0,0.0,0.9912924069919813,0.9860174766821651,0.9894148118054288,0.0,0.9920872774281002,0.0,0.0,0.0,0.9909672624596758,0.0,0.0,0.9917307306069605,0.9893382687263951,0.0,0.0,0.9794301923848141,0.97742306275682,0.98063394679013,0.9846043736846203,0.9799659939380497,0.9830290255280982,0.9877073123500624,0.9868679553380947,0.9864361738666226,0.9871872119412437,0.9869778633490149,0.9896110761106434,0.9879676896616469,0.9882987221231087,0.9878008650022146,0.9909600661018181,0.9902384676729792,0.9909999731772116,0.9908305316603764,0.9917313848213113,0.9910483850391645,0.9909999731772116,0.991823629044762,0.991869424049312,0.992051295638811,0.9920061548486115,0.0,0.0,0.0,0.0,0.0,0.983746044456482,0.0,0.0,0.0,0.0,0.0,0.0,0.9908495038765471,0.0,0.0,0.9920244728504316,0.9919067142673027,0.9922004565107739,0.0,0.9971188399994505,0.0,0.0,0.0,0.9962186410528665,0.0,0.9981139000268883,0.0
0.0,0.9999875699273364,0.9999986915712985,0.0,0.9986614774384368,0.9998403716984254,0.0,0.9783912999958785,0.0,0.9999973831425972,0.0,0.9874279628223068,0.999949625494995,0.9972608045135556,0.9996800891825003,0.9854816751289293,0.9999928036421422,0.0,0.0,0.0,0.999901213633042,0.0,0.9917307306069605,0.0,0.0,0.0,0.0,0.0,0.0,0.0,0.0,0.0,0.0,0.0,0.0,0.0,0.0,0.0,0.0,0.0,0.0,0.0,0.9880789061012685,0.9833371604872849,0.997476041034941,0.9853233552560563,0.998980079827235,0.9941487068472038,0.9970154741320375,0.9988086756673478,0.9999214942779141,0.9995852281016466,0.9999182232061606,0.0,0.0,0.0,0.0,0.0,0.9967282740320735,0.0,0.0,0.0,0.0,0.0,0.0,0.9935723440042237,0.0,0.0,0.9836204353011447,0.0,0.9966340671655706,0.0,0.998132872243059,0.0,0.0,0.0,0.9989140041778128,0.0,0.999761211761989,0.0
0.0,0.0,0.0,0.0,0.0,0.0,0.0,0.9752890155447871,0.0,0.0,0.0,0.9849105460007549,0.0,0.0,0.0,0.9827843493609306,0.0,0.0,0.0,0.0,0.0,0.0,0.9893382687263951,0.0,0.0,0.0,0.0,0.0,0.0,0.0,0.0,0.0,0.0,0.0,0.0,0.0,0.0,0.0,0.0,0.0,0.0,0.0,0.0,0.0,0.0,0.0,0.0,0.0,0.0,0.0,0.0,0.0,0.0,0.0,0.0,0.0,0.0,0.0,0.9952268520971822,0.0,0.0,0.0,0.0,0.0,0.0,0.0,0.0,0.0,0.0,0.0,0.0,0.0,0.9976906233419754,0.0,0.0,0.0,0.0,0.0,0.0,0.0
0.0,1.0,1.0,0.0,1.0,0.0,0.0,0.0,0.0,1.0,0.0,0.0,1.0,1.0,1.0,0.0,1.0,0.0,0.0,0.0,1.0,0.0,0.0,1.0,0.0,0.0,0.9768578215578021,0.0,0.0,0.0,0.0,0.0,0.0,0.0,0.0,0.0,0.0,0.0,0.0,0.0,0.0,0.0,0.0,0.0,0.9762965056448885,0.9823905123218003,0.9810820836203699,0.9874698325407527,0.0,0.0,0.9984606336327672,1.0,1.0,0.0,0.0,0.0,0.0,0.0,0.0,0.0,0.0,0.0,0.0,0.0,0.0,0.0,0.0,0.9832187476898056,0.9930332713792343,0.9843191362277085,0.9838808126127294,0.0,0.0,0.0,0.0,0.0,1.0,0.0,0.0,0.0
0.0,0.0,0.0,0.0,0.0,0.0,0.0,0.0,0.0,0.0,0.0,0.0,0.0,0.0,0.0,0.0,0.0,0.0,0.0,0.0,0.0,0.0,0.0,0.0,0.0,0.9768578215578021,0.0,0.9861430858375022,0.9888247104610837,0.9931516841767136,0.9852867192524161,0.9851552221679224,0.99345916492155,0.9832540752647442,0.9920571835679673,0.9901808968101162,0.9852952240389754,0.9888476079633587,0.9878669406516368,0.9933172004074448,0.9892054632132,0.9857348560826562,0.9874587108967904,0.987280764593396,0.0,0.0,0.0,0.0,0.9971136062846447,0.9802885216129524,0.0,0.0,0.0,0.9902652904613585,0.0,0.0,0.0,0.0,0.0,0.0,0.0,0.0,0.0,0.0,0.0,0.985071482731031,0.0,0.9938530019606804,0.0,0.9863478549292762,0.0,0.0,0.0,0.0,0.0,0.0,0.0,0.0,0.0,0.0
0.0,0.0,0.0,0.0,0.0,0.0,0.0,0.0,0.0,0.0,0.0,0.0,0.0,0.0,0.0,0.0,0.0,0.0,0.0,0.0,0.0,0.0,0.0,0.0,0.0,0.0,0.9861430858375022,0.0,0.0,0.0,0.9761637001316934,0.0,0.0,0.9887723733130265,0.9914605400801151,0.9819122816314275,0.9899015472823609,0.9823113523853637,0.9916325984543531,0.9935029972830477,0.993663279798973,0.9800922573077379,0.9789316810495692,0.0,0.9947904911252553,0.0,0.9957443356485979,0.9957410645768443,0.9948101175557768,0.9982512850405384,0.0,0.0,0.0,0.9885008743574798,0.0,0.0,0.0,0.0,0.0,0.0,0.0,0.0,0.0,0.0,0.0,0.9796931865538017,0.0,0.9942723533594888,0.0,0.0,0.0,0.0,0.0,0.0,0.0,0.0,0.0,0.0,0.0,0.0
0.0,0.0,0.0,0.0,0.0,0.0,0.0,0.0,0.0,0.0,0.0,0.0,0.0,0.0,0.0,0.0,0.0,0.0,0.0,0.0,0.0,0.0,0.0,0.0,0.0,0.0,0.9888247104610837,0.0,0.0,0.0,0.9907984751571913,0.0,0.988612745011452,0.9863766403607076,0.9930313087361821,0.98378071781707,0.9885826511513192,0.9839881037662466,0.9825880850557162,0.9879775028769077,0.9867587015415252,0.9867672063280846,0.0,0.9753282684058301,0.0,0.0,0.0,0.0,0.0,0.0,0.0,0.0,0.0,0.9894278960924431,0.0,0.0,0.0,0.0,0.0,0.0,0.0,0.0,0.0,0.0,0.0,0.9798279547100489,0.0,0.9919832573463365,0.0,0.0,0.0,0.0,0.0,0.0,0.0,0.0,0.0,0.0,0.0,0.0
0.0,0.0,0.0,0.0,0.0,0.0,0.0,0.0,0.0,0.0,0.0,0.0,0.0,0.0,0.0,0.0,0.0,0.0,0.0,0.0,0.0,0.0,0.0,0.0,0.0,0.0,0.9931516841767136,0.0,0.0,0.0,0.9893173338671722,0.9872886151656045,0.9904628631952745,0.98973603105163,0.9904183766194258,0.9819875162817596,0.9883962000613652,0.9930535520241065,0.9837774467453163,0.9907795029410206,0.9890098531223361,0.9815001265904768,0.0,0.0,0.0,0.0,0.9946289001806286,0.0,0.9938176743857419,0.9939491714702356,0.0,0.0,0.0,0.9934100988452462,0.0,0.0,0.0,0.0,0.0,0.0,0.0,0.0,0.0,0.0,0.0,0.9760577174068775,0.0,0.9940420699080371,0.0,0.0,0.0,0.0,0.0,0.0,0.0,0.0,0.0,0.0,0.0,0.0
0.0,0.0,0.0,0.0,0.0,0.0,0.0,0.0,0.0,0.0,0.0,0.0,0.0,0.0,0.0,0.0,0.0,0.0,0.0,0.0,0.0,0.0,0.0,0.0,0.0,0.0,0.9852867192524161,0.9761637001316934,0.9907984751571913,0.9893173338671722,0.0,0.0,0.0,0.9775015684789059,0.9857093417229782,0.9776625052091819,0.0,0.9861038329764593,0.0,0.0,0.0,0.0,0.0,0.0,0.0,0.0,0.0,0.0,0.0,0.9907827740127741,0.0,0.0,0.0,0.9863609392162904,0.0,0.0,0.0,0.0,0.0,0.0,0.0,0.0,0.0,0.0,0.0,0.0,0.0,0.9948951654213697,0.0,0.0,0.0,0.0,0.0,0.0,0.0,0.0,0.0,0.0,0.0,0.0
0.0,0.0,0.0,0.0,0.0,0.0,0.0,0.0,0.0,0.0,0.0,0.0,0.0,0.0,0.0,0.0,0.0,0.0,0.0,0.0,0.0,0.0,0.0,0.0,0.0,0.0,0.9851552221679224,0.0,0.0,0.9872886151656045,0.0,0.0,0.0,0.990397441760203,0.9923352246670212,0.9765542660990703,0.9820378907867646,0.9864917820864335,0.9836001546562726,0.9858617736666948,0.9867312245387951,0.0,0.9750037780878754,0.0,0.0,0.0,0.0,0.0,0.0,0.9857760715867512,0.0,0.0,0.0,0.9873900183899653,0.0,0.0,0.0,0.0,0.0,0.0,0.0,0.0,0.0,0.0,0.0,0.0,0.0,0.9943888035139161,0.0,0.0,0.0,0.0,0.0,0.0,0.0,0.0,0.0,0.0,0.0,0.0
0.0,0.0,0.0,0.0,0.0,0.0,0.0,0.0,0.0,0.0,0.0,0.0,0.0,0.0,0.0,0.0,0.0,0.0,0.0,0.0,0.0,0.0,0.0,0.0,0.0,0.0,0.99345916492155,0.0,0.988612745011452,0.9904628631952745,0.0,0.0,0.0,0.9866913174634017,0.0,0.0,0.9768944575614422,0.9887900371004958,0.9916888608885146,0.0,0.9909384770282443,0.9817716255460237,0.0,0.9801668377437194,0.0,0.0,0.0,0.0,0.0,0.9753596706946643,0.0,0.9914965218694045,0.0,0.9890556481268862,0.0,0.0,0.0,0.0,0.0,0.0,0.0,0.0,0.0,0.0,0.0,0.0,0.0,0.9969140709076766,0.9923574679549456,0.0,0.9757528535194442,0.0,0.0,0.0,0.0,0.0,0.0,0.0,0.0,0.0
0.0,0.0,0.0,0.0,0.0,0.0,0.0,0.0,0.0,0.0,0.0,0.0,0.0,0.0,0.0,0.0,0.0,0.0,0.0,0.0,0.0,0.0,0.0,0.0,0.0,0.0,0.9832540752647442,0.9887723733130265,0.9863766403607076,0.98973603105163,0.9775015684789059,0.990397441760203,0.9866913174634017,0.0,0.9948317066293503,0.9925190588995723,0.9939864616882264,0.9865833720955336,0.9801890810316437,0.0,0.0,0.9865702878085194,0.0,0.0,0.0,0.0,0.9751490136737342,0.0,0.0,0.9963475212799574,0.0,0.0,0.0,0.9870413221410342,0.0,0.0,0.0,0.0,0.0,0.0,0.0,0.0,0.0,0.0,0.0,0.0,0.0,0.9951457295176935,0.0,0.0,0.0,0.0,0.0,0.0,0.0,0.0,0.0,0.0,0.0,0.0
0.0,0.0,0.0,0.0,0.0,0.0,0.0,0.0,0.0,0.0,0.0,0.0,0.0,0.0,0.0,0.0,0.0,0.0,0.0,0.0,0.0,0.0,0.0,0.0,0.0,0.0,0.9920571835679673,0.9914605400801151,0.9930313087361821,0.9904183766194258,0.9857093417229782,0.9923352246670212,0.0,0.9948317066293503,0.0,0.9941513237046066,0.9882555439759616,0.9849779300788787,0.9871656228676701,0.0,0.0,0.9892407907881386,0.0,0.0,0.0,0.0,0.0,0.0,0.9821281723671634,0.0,0.0,0.0,0.0,0.9936488870832573,0.0,0.0,0.0,0.0,0.0,0.0,0.0,0.0,0.0,0.0,0.0,0.9909044578820072,0.0,0.9927199027052418,0.0,0.0,0.0,0.0,0.0,0.0,0.0,0.0,0.0,0.0,0.0,0.0
0.0,0.0,0.0,0.0,0.0,0.0,0.0,0.0,0.0,0.0,0.0,0.0,0.0,0.0,0.0,0.0,0.0,0.0,0.0,0.0,0.0,0.0,0.0,0.0,0.0,0.0,0.9901808968101162,0.9819122816314275,0.98378071781707,0.9819875162817596,0.9776625052091819,0.9765542660990703,0.0,0.9925190588995723,0.9941513237046066,0.0,0.9869778633490149,0.993601129435655,0.9871309495070822,0.9811756362725221,0.0,0.0,0.0,0.0,0.9915743733771395,0.9899820156474988,0.0,0.0,0.0,0.9936436533684516,0.0,0.0,0.0,0.9872336611601444,0.0,0.0,0.0,0.0,0.0,0.0,0.0,0.0,0.0,0.0,0.0,0.0,0.0,0.9898681823504744,0.0,0.0,0.0,0.0,0.0,0.0,0.0,0.0,0.0,0.0,0.0,0.0
0.0,0.0,0.0,0.0,0.0,0.0,0.0,0.0,0.0,0.0,0.0,0.0,0.0,0.0,0.0,0.0,0.0,0.0,0.0,0.0,0.0,0.0,0.0,0.0,0.0,0.0,0.9852952240389754,0.9899015472823609,0.9885826511513192,0.9883962000613652,0.0,0.9820378907867646,0.9768944575614422,0.9939864616882264,0.9882555439759616,0.9869778633490149,0.0,0.9782728871983991,0.9773929688966871,0.0,0.9750227503040462,0.9783926084245799,0.0,0.0,0.9880389990258748,0.0,0.9838853921131844,0.0,0.0,0.0,0.0,0.0,0.0,0.9891400417781284,0.0,0.0,0.0,0.0,0.0,0.0,0.0,0.0,0.0,0.0,0.0,0.0,0.0,0.9951601222334093,0.0,0.0,0.0,0.0,0.0,0.0,0.0,0.0,0.0,0.0,0.0,0.0
0.0,0.0,0.0,0.0,0.0,0.0,0.0,0.0,0.0,0.0,0.0,0.0,0.0,0.0,0.0,0.0,0.0,0.0,0.0,0.0,0.0,0.0,0.0,0.0,0.0,0.0,0.9888476079633587,0.9823113523853637,0.9839881037662466,0.9930535520241065,0.9861038329764593,0.9864917820864335,0.9887900371004958,0.9865833720955336,0.9849779300788787,0.993601129435655,0.9782728871983991,0.0,0.9890556481268862,0.0,0.0,0.0,0.0,0.0,0.0,0.0,0.0,0.9859435504605342,0.9872532875906659,0.9943515132959253,0.0,0.0,0.0,0.9921625120784324,0.0,0.0,0.0,0.0,0.0,0.0,0.0,0.0,0.0,0.0,0.0,0.0,0.0,0.9946681530416716,0.0,0.0,0.0,0.0,0.0,0.0,0.0,0.0,0.0,0.0,0.0,0.0
0.0,0.0,0.0,0.0,0.0,0.0,0.0,0.0,0.0,0.0,0.0,0.0,0.0,0.0,0.0,0.0,0.0,0.0,0.0,0.0,0.0,0.0,0.0,0.0,0.0,0.0,0.9878669406516368,0.9916325984543531,0.9825880850557162,0.9837774467453163,0.0,0.9836001546562726,0.9916888608885146,0.9801890810316437,0.9871656228676701,0.9871309495070822,0.9773929688966871,0.9890556481268862,0.0,0.9819744319947454,0.9862130867730288,0.9880847940304248,0.0,0.0,0.0,0.0,0.0,0.0,0.996060975394344,0.9970697739231468,0.0,0.0,0.0,0.9935834656481858,0.0,0.0,0.0,0.0,0.0,0.0,0.0,0.0,0.0,0.0,0.0,0.9767747363352614,0.0,0.9941343141314879,0.9788799981158628,0.0,0.0,0.0,0.0,0.0,0.0,0.0,0.0,0.0,0.0,0.0
0.0,0.0,0.0,0.0,0.0,0.0,0.0,0.0,0.0,0.0,0.0,0.0,0.0,0.0,0.0,0.0,0.0,0.0,0.0,0.0,0.0,0.0,0.0,0.0,0.0,0.0,0.9933172004074448,0.9935029972830477,0.9879775028769077,0.9907795029410206,0.0,0.9858617736666948,0.0,0.0,0.0,0.9811756362725221,0.0,0.0,0.9819744319947454,0.0,0.9802145953913216,0.0,0.9984468951314023,0.0,0.9935487922875977,0.0,0.9924582169649557,0.0,0.9896444410425299,0.9977959518524406,0.0,0.0,0.0,0.9958784495904945,0.0,0.0,0.0,0.0,0.0,0.0,0.0,0.0,0.0,0.0,0.0,0.0,0.0,0.9945065620970449,0.0,0.0,0.0,0.0,0.0,0.0,0.0,0.0,0.0,0.0,0.0,0.0
0.0,0.0,0.0,0.0,0.0,0.0,0.0,0.0,0.0,0.0,0.0,0.0,0.0,0.0,0.0,0.0,0.0,0.0,0.0,0.0,0.0,0.0,0.0,0.0,0.0,0.0,0.9892054632132,0.993663279798973,0.9867587015415252,0.9890098531223361,0.0,0.9867312245387951,0.9909384770282443,0.0,0.0,0.0,0.9750227503040462,0.0,0.9862130867730288,0.9802145953913216,0.0,0.9839252991885779,0.0,0.0,0.0,0.0,0.9771777323753018,0.9890778914148104,0.9958490099447124,0.9955356412707197,0.0,0.0,0.0,0.9911471714061226,0.0,0.0,0.0,0.0,0.0,0.0,0.0,0.0,0.0,0.0,0.0,0.0,0.0,0.9951339536593808,0.0,0.0,0.9999947662851942,0.0,0.0,0.0,0.0,0.0,0.0,0.0,0.0,0.0
0.0,0.0,0.0,0.0,0.0,0.0,0.0,0.0,0.0,0.0,0.0,0.0,0.0,0.0,0.0,0.0,0.0,0.0,0.0,0.0,0.0,0.0,0.0,0.0,0.0,0.0,0.9857348560826562,0.9800922573077379,0.9867672063280846,0.9815001265904768,0.0,0.0,0.9817716255460237,0.9865702878085194,0.9892407907881386,0.0,0.9783926084245799,0.0,0.9880847940304248,0.0,0.9839252991885779,0.0,0.0,0.0,0.9937725335955424,0.0,0.0,0.9913794175006264,0.9902966927501928,0.9985502609988153,0.0,0.0,0.0,0.9933060787634825,0.0,0.0,0.0,0.0,0.0,0.0,0.0,0.0,0.0,0.0,0.0,0.9902109906702491,0.0,0.9940531915519992,0.9952955446040074,0.0,0.9750057407309275,0.0,0.0,0.0,0.0,0.0,0.0,0.0,0.0,0.0
0.0,0.0,0.0,0.0,0.0,0.0,0.0,0.0,0.0,0.0,0.0,0.0,0.0,0.0,0.0,0.0,0.0,0.0,0.0,0.0,0.0,0.0,0.0,0.0,0.0,0.0,0.9874587108967904,0.9789316810495692,0.0,0.0,0.0,0.9750037780878754,0.0,0.0,0.0,0.0,0.0,0.0,0.0,0.9984468951314023,0.0,0.0,0.0,0.9995806486011916,0.9982460513257325,0.9928356986453183,0.9969310804807953,0.998084460381106,0.9965764963027076,0.9998272874114111,1.0,0.0,0.977147638515169,0.9899421085721052,0.0,0.0,0.0,0.0,0.0,0.0,0.0,0.0,0.0,0.0,0.0,0.0,0.0,0.9844611007418137,0.9854502728400949,0.9999986915712985,0.9941611369198673,0.0,0.0,0.0,0.0,0.0,0.0,0.0,0.0,0.0
0.0,0.0,0.0,0.0,0.0,0.0,0.0,0.0,0.0,0.0,0.0,0.0,0.0,0.0,0.0,0.0,0.0,0.0,0.0,0.0,0.0,0.0,0.0,0.0,0.0,0.0,0.987280764593396,0.0,0.9753282684058301,0.0,0.0,0.0,0.9801668377437194,0.0,0.0,0.0,0.0,0.0,0.0,0.0,0.0,0.0,0.9995806486011916,0.0,0.9974969758941639,0.9978646443592658,0.9982355838961212,0.9979608138688209,0.9947093685457665,0.9862340216322517,0.975951080467711,0.999983644641232,1.0,0.9830277170993967,0.0,0.0,0.0,0.0,0.0,0.0,0.0,0.0,0.0,0.0,0.0,0.9930313087361821,0.0,0.9864374822953241,0.0,0.9935926246490957,1.0,0.0,0.0,0.0,0.0,0.0,0.0,0.0,0.0,0.0
0.0,0.98865657737295,0.9891472381359864,0.0,0.9812299360636315,0.9866514103880081,0.0,0.0,0.0,0.9891472381359864,0.0,0.0,0.9877498362828586,0.9771352084425053,0.9858571941662398,0.0,0.9888168598888751,0.0,0.0,0.0,0.9873102042391783,0.0,0.0,0.9881593744664063,0.9891472381359864,0.9762965056448885,0.0,0.9947904911252553,0.0,0.0,0.0,0.0,0.0,0.0,0.0,0.9915743733771395,0.9880389990258748,0.0,0.0,0.9935487922875977,0.0,0.9937725335955424,0.9982460513257325,0.9974969758941639,0.0,0.9999986915712985,0.9998017730517333,0.9984226892004257,0.9974518351039645,0.9986176450769388,0.0,0.9870459016414893,1.0,0.9978096903538056,0.0,0.0,0.0,0.0,0.9768074470527971,0.0,0.0,0.0,0.0,0.0,0.0,0.9796702890515266,0.0,0.9794962680342363,1.0,0.997252953941347,0.999671584395941,0.9891472381359864,0.9891472381359864,0.9891472381359864,0.9891472381359864,0.9891472381359864,0.9891472381359864,0.9891472381359864,0.9891472381359864,0.0
0.0,0.0,0.0,0.0,0.0,0.0,0.0,0.0,0.0,0.0,0.0,0.0,0.0,0.0,0.0,0.0,0.0,0.0,0.0,0.0,0.0,0.0,0.0,0.0,0.0,0.9823905123218003,0.0,0.0,0.0,0.0,0.0,0.0,0.0,0.0,0.0,0.9899820156474988,0.0,0.0,0.0,0.0,0.0,0.0,0.9928356986453183,0.9978646443592658,0.9999986915712985,0.0,0.999995420499545,0.9999921494277914,0.9999947662851942,0.9982349296817706,0.9833090292702044,0.9844244647381736,0.9784900863628364,0.9776127849185273,0.0,0.0,0.0,0.0,0.0,0.0,0.0,0.0,0.0,0.0,0.0,0.9887697564556237,0.0,0.9911589472644354,0.9798717870715469,0.9938399176736661,1.0,0.0,0.0,0.0,0.0,0.0,0.0,0.0,0.0,0.0
0.0,0.9966046275197883,0.996446961861266,0.0,0.9911641809792411,0.9949488109981284,0.0,0.0,0.0,0.9963808862118438,0.0,0.9783631687787976,0.9956213433506634,0.9895862159653163,0.9941781464929859,0.0,0.9962546228421557,0.0,0.0,0.0,0.9953197505349837,0.0,0.9807425463723487,0.9958666737321816,0.996446961861266,0.9810820836203699,0.0,0.9957443356485979,0.0,0.9946289001806286,0.0,0.0,0.0,0.9751490136737342,0.0,0.0,0.9838853921131844,0.0,0.0,0.9924582169649557,0.9771777323753018,0.0,0.9969310804807953,0.9982355838961212,0.9998017730517333,0.999995420499545,0.0,0.9999790651407771,0.9785031706498507,1.0,0.9870459016414893,1.0,1.0,0.0,0.0,0.0,0.0,0.0,0.987829650433646,0.0,0.0,0.0,0.0,0.0,0.0,0.9922266250848025,0.0,0.9923293367378648,1.0,0.9829871558096526,0.9999090642052505,0.996446961861266,0.996446961861266,0.996446961861266,0.996446961861266,0.996446961861266,0.996446961861266,0.996446961861266,0.996446961861266,0.0
0.0,0.0,0.0,0.0,0.0,0.0,0.0,0.0,0.0,0.0,0.0,0.0,0.0,0.0,0.0,0.0,0.0,0.0,0.0,0.0,0.0,0.0,0.0,0.0,0.0,0.9874698325407527,0.0,0.9957410645768443,0.0,0.0,0.0,0.0,0.0,0.0,0.0,0.0,0.0,0.9859435504605342,0.0,0.0,0.9890778914148104,0.9913794175006264,0.998084460381106,0.9979608138688209,0.9984226892004257,0.9999921494277914,0.9999790651407771,0.0,0.9980779182375988,0.9971764108623135,1.0,0.9870459016414893,1.0,0.9837715588161599,0.0,0.0,0.0,0.0,0.0,0.0,0.0,0.0,0.0,0.0,0.0,0.9812704973533758,0.0,0.9931556094628181,1.0,0.0,1.0,0.0,0.0,0.0,0.0,0.0,0.0,0.0,0.0,0.0
0.0,0.990783428227125,0.9911602556931368,0.0,0.9844251189525244,0.9888888234674538,0.0,0.0,0.0,0.9911602556931368,0.0,0.0,0.9919184901256158,0.9800333780161735,0.9887926539578987,0.0,0.9911124980455347,0.0,0.0,0.0,0.9894390177364053,0.0,0.0,0.9902639820326572,0.9911602556931368,0.0,0.9971136062846447,0.9948101175557768,0.0,0.9938176743857419,0.0,0.0,0.0,0.0,0.9821281723671634,0.0,0.0,0.9872532875906659,0.996060975394344,0.9896444410425299,0.9958490099447124,0.9902966927501928,0.9965764963027076,0.9947093685457665,0.9974518351039645,0.9999947662851942,0.9785031706498507,0.9980779182375988,0.0,0.9985967102177161,0.0,1.0,0.9942108572105217,0.995606296420597,0.0,0.0,0.0,0.0,0.9787694358905918,0.0,0.0,0.0,0.0,0.0,0.0,0.9829557535208182,0.0,0.9967701437505193,0.9979581970114181,0.9837800636027191,0.9976690342684019,0.9911602556931368,0.9911602556931368,0.9911602556931368,0.9911602556931368,0.9911602556931368,0.9911602556931368,0.9911602556931368,0.9911602556931368,0.0
0.0,0.9969278094090416,0.997214355294655,0.0,0.9925046661838565,0.9959386373107604,0.0,0.0,0.0,0.9971561302174413,0.0,0.980480206417712,0.9964783641501004,0.9917052162472825,0.995376667183496,0.9768715600591672,0.9970442595634689,0.0,0.0,0.0,0.9963599513526209,0.0,0.9825383647650618,0.9969781839140466,0.997214355294655,0.0,0.9802885216129524,0.9982512850405384,0.0,0.9939491714702356,0.9907827740127741,0.9857760715867512,0.9753596706946643,0.9963475212799574,0.0,0.9936436533684516,0.0,0.9943515132959253,0.9970697739231468,0.9977959518524406,0.9955356412707197,0.9985502609988153,0.9998272874114111,0.9862340216322517,0.9986176450769388,0.9982349296817706,1.0,0.9971764108623135,0.9985967102177161,0.0,0.0,0.0,0.0,0.9816571380346485,0.0,0.0,0.0,0.0,0.9895574305338847,0.0,0.0,0.0,0.0,0.0,0.0,0.9950606816521006,0.0,0.9809329227484068,1.0,0.0,1.0,0.997214355294655,0.997214355294655,0.997214355294655,0.997214355294655,0.997214355294655,0.997214355294655,0.997214355294655,0.997214355294655,0.0
0.0,0.9998089694095912,0.9998240163396576,0.0,0.9979326826517401,0.9994242913713707,0.0,0.9781381190421516,0.0,0.9998089694095912,0.0,0.9907500632952385,0.9997147625430882,0.9981354891004618,0.9992535414258341,0.9864158932217505,0.9998168199817998,0.0,0.0,0.0,0.9995767233150873,0.0,0.9917261511065054,0.9997298094731546,0.0,0.9984606336327672,0.0,0.0,0.0,0.0,0.0,0.0,0.0,0.0,0.0,0.0,0.0,0.0,0.0,0.0,0.0,0.0,1.0,0.975951080467711,0.0,0.9833090292702044,0.9870459016414893,1.0,0.0,0.0,0.0,1.0,1.0,0.0,0.0,0.0,0.0,0.0,0.996860425330918,0.0,0.0,0.0,0.0,0.0,0.0,0.0,0.0,0.0,0.9997500901180268,0.0,0.9998619607719992,0.0,0.9982185743230026,0.0,0.0,0.0,0.9997298094731546,0.9838337091794778,0.9993189628609055,0.0
0.0,0.9992829810716162,0.9993084954312941,0.0,0.9965830384462148,0.9997814924068612,0.0,0.0,0.0,0.9992790557855118,0.0,0.9879820823773626,0.9991200816982881,0.9965117290819868,0.9983729689097713,0.9828190227215187,0.9992757847137583,0.0,0.0,0.0,0.9988865271750828,0.0,0.9890091989079853,0.9991318575566009,0.0,1.0,0.0,0.0,0.0,0.0,0.0,0.0,0.9914965218694045,0.0,0.0,0.0,0.0,0.0,0.0,0.0,0.0,0.0,0.0,0.999983644641232,0.9870459016414893,0.9844244647381736,1.0,0.9870459016414893,1.0,0.0,1.0,0.0,1.0,0.0,0.0,0.0,0.0,0.0,0.9951915245222437,0.0,0.0,0.0,0.0,0.0,0.0,0.9914140908612142,0.0,0.0,0.9999901867847392,0.9997226131152968,1.0,0.9808236689518374,0.9987870865937741,0.9892329402159301,0.9916777392445525,0.9952347026693907,0.99891138732041,0.9965974311619304,0.9992646630697961,0.0
0.0,0.9996015834604144,0.9996231725339881,0.0,0.99733800180694,0.9990919504812074,0.0,0.9763370669346328,0.0,0.9996015834604144,0.0,0.9897850971279336,0.9995008344504044,0.9975159481103345,0.9988806392459264,0.9860508416140515,0.9996133593187273,0.0,0.0,0.0,0.9992869063577204,0.0,0.9908606255205092,0.999490367020793,0.0,1.0,0.0,0.0,0.0,0.0,0.0,0.0,0.0,0.0,0.0,0.0,0.0,0.0,0.0,0.0,0.0,0.0,0.977147638515169,1.0,1.0,0.9784900863628364,1.0,1.0,0.9942108572105217,0.0,1.0,1.0,0.0,0.0,0.0,0.0,0.0,0.0,0.9962271458394258,0.0,0.0,0.0,0.0,0.0,0.0,0.0,0.0,0.0,0.9998403716984254,0.9916594212427324,0.9999116810626535,0.0,0.9981341806717603,0.0,0.0,0.0,0.999490367020793,0.9855739193523801,0.9990579313349702,0.0
0.0,0.0,0.0,0.0,0.0,0.0,0.0,0.0,0.0,0.0,0.0,0.0,0.0,0.0,0.0,0.0,0.0,0.0,0.0,0.0,0.0,0.0,0.0,0.0,0.0,0.0,0.9902652904613585,0.9885008743574798,0.9894278960924431,0.9934100988452462,0.9863609392162904,0.9873900183899653,0.9890556481268862,0.9870413221410342,0.9936488870832573,0.9872336611601444,0.9891400417781284,0.9921625120784324,0.9935834656481858,0.9958784495904945,0.9911471714061226,0.9933060787634825,0.9899421085721052,0.9830277170993967,0.9978096903538056,0.9776127849185273,0.0,0.9837715588161599,0.995606296420597,0.9816571380346485,0.0,0.0,0.0,0.0,0.0,0.0,0.0,0.0,0.0,0.0,0.0,0.0,0.0,0.0,0.0,0.983187999615322,0.0,0.9931045807434623,0.9751221908853548,0.9756553755811876,0.9932014044673682,0.0,0.0,0.0,0.0,0.0,0.0,0.0,0.0,0.0
0.0,0.0,0.0,0.0,0.0,0.0,0.0,0.0,0.0,0.0,0.0,0.0,0.0,0.0,0.0,0.0,0.0,0.0,0.0,0.0,0.0,0.0,0.0,0.0,0.0,0.0,0.0,0.0,0.0,0.0,0.0,0.0,0.0,0.0,0.0,0.0,0.0,0.0,0.0,0.0,0.0,0.0,0.0,0.0,0.0,0.0,0.0,0.0,0.0,0.0,0.0,0.0,0.0,0.0,0.0,0.0,0.0,0.0,0.0,0.0,0.0,0.0,0.0,0.0,0.0,0.0,0.0,0.0,0.0,0.0,0.0,0.0,0.9882496560468051,0.0,0.0,0.0,0.0,0.0,0.0,0.0
0.0,0.0,0.0,0.0,0.0,0.0,0.0,0.0,0.0,0.0,0.0,0.0,0.0,0.0,0.0,0.0,0.0,0.0,0.0,0.0,0.0,0.0,0.0,0.0,0.0,0.0,0.0,0.0,0.0,0.0,0.0,0.0,0.0,0.0,0.0,0.0,0.0,0.0,0.0,0.0,0.0,0.0,0.0,0.0,0.0,0.0,0.0,0.0,0.0,0.0,0.0,0.0,0.0,0.0,0.0,0.0,0.0,0.0,0.0,0.0,0.0,0.0,0.0,0.0,0.0,0.0,0.0,0.0,0.0,0.0,0.0,0.0,0.9859029891707899,0.0,0.0,0.0,0.0,0.0,0.0,0.0
0.0,0.0,0.0,0.0,0.0,0.0,0.0,0.0,0.0,0.0,0.0,0.0,0.0,0.0,0.0,0.0,0.0,0.0,0.0,0.0,0.0,0.0,0.0,0.0,0.0,0.0,0.0,0.0,0.0,0.0,0.0,0.0,0.0,0.0,0.0,0.0,0.0,0.0,0.0,0.0,0.0,0.0,0.0,0.0,0.0,0.0,0.0,0.0,0.0,0.0,0.0,0.0,0.0,0.0,0.0,0.0,0.0,0.0,0.0,0.0,0.0,0.0,0.0,0.0,0.0,0.0,0.0,0.0,0.0,0.0,0.0,0.0,0.9921664373645367,0.0,0.0,0.0,0.0,0.0,0.990500807627616,0.0
0.0,0.0,0.0,0.0,0.0,0.0,0.0,0.0,0.0,0.0,0.0,0.0,0.0,0.0,0.0,0.0,0.0,0.0,0.0,0.0,0.0,0.0,0.0,0.0,0.0,0.0,0.0,0.0,0.0,0.0,0.0,0.0,0.0,0.0,0.0,0.0,0.0,0.0,0.0,0.0,0.0,0.0,0.0,0.0,0.0,0.0,0.0,0.0,0.0,0.0,0.0,0.0,0.0,0.0,0.0,0.0,0.0,0.0,0.0,0.0,0.0,0.0,0.0,0.0,0.0,0.0,0.0,0.0,0.0,0.0,0.0,0.0,0.9903254781816243,0.0,0.0,0.0,0.0,0.0,0.0,0.0
0.0,0.9969572490548239,0.9972424865117355,0.0,0.9922900838768219,0.9959052723788738,0.0,0.0,0.0,0.9971842614345219,0.0,0.9752157435375071,0.9965097664389347,0.9925380311157429,0.9952085340953623,0.0,0.9970730449949005,0.0,0.0,0.0,0.9962389216977385,0.0,0.983746044456482,0.9967282740320735,0.9952268520971822,0.0,0.0,0.9877845096434467,0.9859527094614442,0.9887704106699743,0.9916018503798696,0.988309843767071,0.9905027702706681,0.993830758672756,0.9935808487907829,0.9930561688815093,0.9938137490996376,0.9936698219424801,0.9946053484640028,0.9943783360843046,0.9944169347309968,0.9942245957118866,0.9963063057758622,0.9958149907984751,0.9963010720610564,0.9962546228421557,0.9967963123245479,0.9963632224243744,0.9963324743498908,0.9968728554035815,0.9969389310530037,0.9970514559213268,0.997023324704246,0.9781021372528624,0.0,0.0,0.0,0.0,0.0,0.0,0.0,0.0,0.0,0.0,0.0,0.9963488297086587,0.0,0.0,0.9970344463482081,0.9969624827696296,0.9971423917160761,0.0,0.9975329576834532,0.0,0.0,0.0,0.9966975259575898,0.0,0.9990356880470459,0.0
0.0,0.0,0.0,0.0,0.0,0.0,0.0,0.0,0.0,0.0,0.0,0.0,0.0,0.0,0.0,0.0,0.0,0.0,0.0,0.0,0.0,0.0,0.0,0.0,0.0,0.0,0.0,0.0,0.0,0.0,0.0,0.0,0.0,0.0,0.0,0.0,0.0,0.0,0.0,0.0,0.0,0.0,0.0,0.0,0.0,0.0,0.0,0.0,0.0,0.0,0.0,0.0,0.0,0.0,0.0,0.0,0.0,0.0,0.0,0.0,0.0,0.0,0.0,0.0,0.0,0.0,0.0,0.0,0.0,0.0,0.0,0.0,0.9958849917340016,0.0,0.0,0.0,0.9886683532312627,0.0,0.9913087623507492,0.0
0.0,0.0,0.0,0.0,0.0,0.0,0.0,0.0,0.0,0.0,0.0,0.0,0.0,0.0,0.0,0.0,0.0,0.0,0.0,0.0,0.0,0.0,0.0,0.0,0.0,0.0,0.0,0.0,0.0,0.0,0.0,0.0,0.0,0.0,0.0,0.0,0.0,0.0,0.0,0.0,0.0,0.0,0.0,0.0,0.0,0.0,0.0,0.0,0.0,0.0,0.0,0.0,0.0,0.0,0.0,0.0,0.0,0.0,0.0,0.0,0.0,0.0,0.0,0.0,0.0,0.0,0.0,0.0,0.0,0.0,0.0,0.0,0.9938732826055525,0.0,0.0,0.0,0.0,0.0,0.0,0.0
0.0,0.0,0.0,0.0,0.0,0.0,0.0,0.0,0.0,0.0,0.0,0.0,0.0,0.0,0.0,0.0,0.0,0.0,0.0,0.0,0.0,0.0,0.0,0.0,0.0,0.0,0.0,0.0,0.0,0.0,0.0,0.0,0.0,0.0,0.0,0.0,0.0,0.0,0.0,0.0,0.0,0.0,0.0,0.0,0.0,0.0,0.0,0.0,0.0,0.0,0.0,0.0,0.0,0.0,0.0,0.0,0.0,0.0,0.0,0.0,0.0,0.0,0.0,0.0,0.0,0.0,0.0,0.0,0.0,0.0,0.0,0.0,0.994944885712024,0.0,0.0,0.0,0.9785797137288844,0.0,0.983644641232121,0.0
0.0,0.0,0.0,0.0,0.0,0.0,0.0,0.0,0.0,0.0,0.0,0.0,0.0,0.0,0.0,0.0,0.0,0.0,0.0,0.0,0.0,0.0,0.0,0.0,0.0,0.0,0.0,0.0,0.0,0.0,0.0,0.0,0.0,0.0,0.0,0.0,0.0,0.0,0.0,0.0,0.0,0.0,0.0,0.0,0.0,0.0,0.0,0.0,0.0,0.0,0.0,0.0,0.0,0.0,0.0,0.0,0.0,0.0,0.0,0.0,0.0,0.0,0.0,0.0,0.0,0.0,0.0,0.0,0.0,0.0,0.0,0.0,0.992092511142906,0.0,0.0,0.0,0.0,0.0,0.0,0.0
0.0,0.0,0.0,0.0,0.0,0.0,0.0,0.0,0.0,0.0,0.0,0.0,0.0,0.0,0.0,0.0,0.0,0.0,0.0,0.0,0.0,0.0,0.0,0.0,0.0,0.0,0.0,0.0,0.0,0.0,0.0,0.0,0.0,0.0,0.0,0.0,0.0,0.0,0.0,0.0,0.0,0.0,0.0,0.0,0.0,0.0,0.0,0.0,0.0,0.0,0.0,0.0,0.0,0.0,0.0,0.0,0.0,0.0,0.0,0.0,0.0,0.0,0.0,0.0,0.0,0.0,0.0,0.0,0.0,0.0,0.0,0.0,0.982227612948472,0.0,0.0,0.0,0.0,0.0,0.0,0.0
0.0,0.0,0.0,0.0,0.0,0.0,0.0,0.0,0.0,0.0,0.0,0.0,0.0,0.0,0.0,0.0,0.0,0.0,0.0,0.0,0.0,0.0,0.0,0.0,0.0,0.0,0.0,0.0,0.0,0.0,0.0,0.0,0.0,0.0,0.0,0.0,0.0,0.0,0.0,0.0,0.0,0.0,0.0,0.0,0.0,0.0,0.0,0.0,0.0,0.0,0.0,0.0,0.0,0.0,0.0,0.0,0.0,0.0,0.0,0.0,0.0,0.0,0.0,0.0,0.0,0.0,0.0,0.0,0.0,0.0,0.0,0.0,0.9899676229317831,0.0,0.0,0.0,0.0,0.0,0.0,0.0
