AMG,ATF,ATI,ATP,CAR,CF1,CF2,CF3,CF4,Falta,GCC,GLI,LIN,LIP,MAC,MON,NTI,OTR,OXA,PAP,PEN,POL,QUI,SUL,TTC,hoursVM,numberOfPatients_atb,numberOfPatientsMR,neighbor_CAR,neighbor_PAP,neighbor_Falta,neighbor_QUI,neighbor_ATF,neighbor_OXA,neighbor_PEN,neighbor_CF3,neighbor_GLI,neighbor_CF4,neighbor_SUL,neighbor_NTI,neighbor_LIN,neighbor_AMG,neighbor_MAC,neighbor_CF1,neighbor_GCC,neighbor_POL,neighbor_ATI,neighbor_MON,neighbor_LIP,neighbor_TTC,neighbor_OTR,neighbor_CF2,neighbor_ATP,numberOfPatients_ttl,cambio_postural,insulina,nutr_art,sedacion,relajacion,fallo_hepatico,fallo_renal,fallo_coagulacion,fallo_hemodinamico,fallo_respiratorio,fallo_multiorganico,n_transf,farm_vasoactivos,dosis_nems,hoursTraqueo,hoursConUlcera,hoursConHemo,C01 VC acceso periférico 1,C01 VC acceso periférico 2,C02 Vía central - YD,C02 Vía central - SD,C02 Vía central - SI,C02 Vía central - FD,C02 Vía central - YI,C02 Vía central - FI,hasCatheters
0.0,2.0828497106347608,2.0629298570453427,4.067232673358831,2.1959489305912987,2.0663638343593913,3.236227917043508,2.6610841912016365,2.6931377201079494,2.0606605456327816,2.832773255224739,2.3048917993878346,2.1437183116572367,2.2228087548473043,2.1205567782531234,2.3874800603730097,2.0697321016038117,2.373393870415809,4.1179590053577595,2.9143728598653382,2.0844085738235703,4.332644826050702,2.1347782596509512,2.0666109712465466,2.105955039200984,5.335778969204998,2.5127401364520345,2.291405193368213,2.3329223832037886,2.2789238779720993,2.177503848076733,2.2914425625759858,2.2254859108570018,2.1662557165371217,2.187593534175387,2.181763937762831,2.198804296507226,2.1663491395565533,2.144394729990036,2.1526159557000515,2.1526159557000515,2.1576607987493786,2.0950673757299465,2.1111361350722486,2.096562144040858,2.0954410678076743,2.081988153009468,2.090956762874939,2.092077839108123,2.074514311454909,2.076382771843549,2.071898466910813,2.0707773906776294,2.4573885373784625,5.591316853259146,6.313239165904664,3.8656724166332688,5.209287078963227,2.169035060629848,2.649781237277142,4.080284617999036,2.9299929214358,4.066925655105961,7.532716288397875,5.068200934960224,2.1064539931571864,3.000627441586392,2.5352931516905555,2.069758017430483,2.072428721763851,2.071507414216057,3.8321527117069065,0.43581129602134105,3.720519624742621,2.5752390146190747,1.6862352685176407,0.8376252702480306,1.0926735179841478,0.4832370873994103,10.600628759685199
2.0828497106347608,0.0,0.08173662098491385,4.1336668766747,0.2174539600242711,0.08517059829896301,1.7139660772699084,0.7381048312754305,1.3386435442210753,0.23583655986677088,1.6715900435813311,0.4494814225707544,0.2118963588367,0.3717046654443492,0.16085436424791,0.6431656339564312,0.08899497857041594,1.775950803296815,3.1288659363560383,1.0544911108882218,0.11986997362955099,3.3714138443718187,0.3867342213397956,0.1984622817534052,0.15420344918421136,6.126765235188707,0.5833375312520354,0.3425820983441361,0.3894057156834485,0.32419644811992077,0.21433097726790284,0.3397046693456307,0.2869767171782167,0.20031752435310468,0.21769420596745426,0.22173008040691633,0.2365282866849432,0.2005977934114006,0.17584069326192375,0.1863040714383064,0.18854622390467413,0.19190945260422576,0.12277641822455454,0.14108733003322416,0.12128164991364276,0.1246448786131944,0.10334443018270112,0.12016057368045896,0.11679734498090732,0.09923381732769365,0.09886012524996568,0.09437582031723024,0.09549689655041405,0.5205449426746933,5.633370793800751,6.56085431014642,4.10394963099005,4.9397491661874815,0.3797650907308193,1.3588551623084815,3.3151965957483016,1.9090653456756494,3.5238515579219727,8.441615131391794,5.139279683871695,0.1349983473549512,2.0519677860636945,0.6117946587943252,0.09369764418453075,0.09666963297614184,0.09398476762247376,3.775160864428047,0.3566916215675814,3.7004618660348916,2.5455197134625687,1.6247990347230388,0.2567738066802526,1.0436279202895826,0.07385180009740155,12.488153872211612
2.0629298570453427,0.08173662098491385,0.0,4.113062202411876,0.13526122601232393,0.0,1.6425152371911576,0.6931297513783684,1.2331523627646874,0.15409993888185702,1.5861828331295715,0.3672589254947909,0.12076311739437928,0.28629745499258963,0.07866163023596295,0.5577584235046719,0.0011210762331839152,1.7592156630831932,3.0492374730025125,0.9990141303015538,0.03638022275638464,3.2896898751723618,0.30132701088803615,0.10671772081166309,13.03591917378798,0.0,5.928026700975183,3.1929279903904773,3.9605138058589304,3.3639800541797538,2.3735080280054843,3.426016858584168,2.675085175292285,1.9384383158573677,2.00231346419782,2.0860166313132384,2.323577620594185,1.6763191772469752,1.1589227515844494,1.234070759761745,1.616884445069061,1.939585244097392,0.7339835879416415,0.7722772277227715,0.5906417440718522,0.42270489952015466,0.3049199593671955,0.8942337980552448,0.499602382213464,0.2764965644106967,0.01980198019801982,0.0,0.0,5.011326114805182,5.619445631966604,6.583231578676132,4.131004162098111,4.951863032226997,0.29435788027905996,1.437394418132143,3.270714384706041,1.9445736103509819,3.535965674427735,8.485366713215738,5.214083237846239,0.2565231360668151,2.032761875662308,7.21097439478735,0.4773740578735598,1.666129333797726,0.7999551878012364,3.7737244696693186,0.3531038869656893,3.6997196251852094,2.544680629864742,1.6212349345676043,0.2394799662095225,1.0400461432565231,0.02856956679743694,12.56987784141107
4.067232673358831,4.1336668766747,4.113062202411876,0.0,4.239950647603527,4.1164961797259245,5.698091228732923,4.780300628120954,4.505707592700313,4.098081943584917,4.126192624714074,4.226119498808241,4.1255298376768605,4.19293568235828,4.182209383700487,4.539847527380494,4.119864446970344,3.4210564683610105,7.025635580952644,4.99581325958054,4.150739442029479,5.504494173988275,4.079097540387405,4.121027314608476,4.131489390250112,5.755825914477857,4.387122223108668,4.248712426627122,4.221246058914118,4.262539033503057,4.189071171021741,4.252636193443266,4.226290901963445,4.172666088809484,4.198263996133849,4.198263996133849,4.191537538734746,4.172198973712324,4.166126477449245,4.169863398226524,4.17247924277062,4.178645162053131,4.138473263697376,4.1522998705733105,4.133241574609185,4.136604803308736,4.122030812277346,4.137725879541921,4.128757269676449,4.120909736044163,4.124272964743714,4.117546507344611,4.116425431111427,4.394021153774415,5.5462704315162625,6.315599575267152,4.333796335285824,5.233406379167696,4.0410048818733575,4.464602634960947,5.178828340224953,4.542686411909208,4.563818002642257,6.440090600839363,5.168076191534724,4.1436609890117175,4.32822941883517,4.394930447378024,4.118654929289209,4.113232958938717,4.118772777533324,3.8365126628221162,0.5092564844691123,3.766137996303976,2.6212507913119834,1.756325740765777,1.0577384221738184,1.16692191149966,2.0218295113469864,8.900960227244454
2.1959489305912987,0.2174539600242711,0.13526122601232393,4.239950647603527,0.0,0.13526122601232393,1.775534310737114,0.8247077361383903,1.3684135887770117,0.28936116489418107,1.7214440591418958,0.49544181285194133,0.2560243434067033,0.4215586810049138,0.213922856248287,0.6638716674542158,0.13638230224550785,1.8944768890955175,3.165716219542759,1.1211794721631825,0.1716414487687088,3.4223570674622477,0.4317520507115542,0.24197894682398713,7.832128964096512,1.051628209711415,4.27679049760986,2.3746563089172703,3.0601718562828957,2.459424874624551,1.8515289897465972,2.5515028221450327,2.1159223400644045,1.509203580732533,1.5288503995735732,1.6529895823097194,1.7645852866131835,1.3463771354549405,0.9657480411392407,1.07649328486362,1.4346454793581767,1.5843768219025176,0.7060846455507258,0.6962456035980636,0.6344013871904607,0.4714843614777353,0.3831472401738987,0.7771057231885721,0.5354788424492583,0.3515721334044042,0.19468305945127296,0.18400256315052166,0.16599784522534267,3.7228454552075694,5.72401500305431,6.642249210226046,4.260838522268271,5.021642021991243,0.429619106291384,1.5659291867453637,3.333283837368999,2.038641131010431,3.578736050519665,8.49348963097181,5.248452418747285,0.3911675775870126,2.1137516277583925,5.193422169074483,0.5502670535530935,1.483146874766073,0.7412123062958752,3.777578558108216,0.3594527417930641,3.7034286168957147,2.5493289165659183,1.6255148252528662,0.24529018460208718,1.0443699959714272,0.03908636279283706,12.522609291242514
2.0663638343593913,0.08517059829896301,0.0,4.1164961797259245,0.13526122601232393,0.0,1.6459492145052066,0.6965637286924174,1.2365863400787365,0.15409993888185702,1.5896168104436206,0.37069290280884015,0.12419709470842843,0.28629745499258963,0.07866163023596295,0.5611924008187209,0.004555053547232957,1.7626496403972423,3.052671450316562,1.0024481076156029,0.03767723961760383,3.2931238524864113,0.3047609882020853,0.11015169812571224,10.948508981004975,0.35026568603300834,5.0246810172722824,2.7050648016412393,3.4409621183188017,2.848634627469761,2.0924842330160645,2.9154194925221,2.3160191526063336,1.6595860443225547,1.6975745698155755,1.808262489815406,1.9884264787852801,1.4470798872342918,0.9894243980714307,1.0859895855606427,1.4405607969390368,1.711169086227969,0.6635233341800947,0.6482460252546898,0.5400556628996975,0.3659885008943541,0.27836547070661954,0.7654741694431951,0.4529289847609016,0.2479326166137633,0.02323595751206886,0.0034339773140490415,0.0034339773140490415,4.279926432628038,5.622879609280652,6.586665555990182,4.13443813941216,4.955297009541046,0.2977918575931091,1.440828395446192,3.2741483620200906,1.9411396330369328,3.5393996517417836,8.48561597715399,5.214332501784492,0.2395975725534868,2.036195852976357,6.137838641510643,0.46076938162717174,1.5429380326839408,0.6970378773164394,3.7735813872812334,0.35324696935377453,3.6998627075732946,2.5448237122528274,1.62137801695569,0.2394799662095225,1.0401892256446086,0.02856956679743694,12.566443864097021
3.236227917043508,1.7139660772699084,1.6425152371911576,5.698091228732923,1.775534310737114,1.6459492145052066,0.0,2.32772101792134,2.61619501119608,1.7966151760730145,2.9698803982866964,1.9693562174425936,1.7722188620159112,1.824557043267449,1.7211768674271204,1.8906170781967098,1.6493174817496266,3.386631662054575,4.624812215773023,2.531917374338711,1.677598443086323,3.6133440153834377,1.91513852074248,1.7392160755948676,1.6954155047940953,6.6858332477064835,2.044205475204265,1.8463268963839827,1.896439004007301,1.8450563433197076,1.7454300353974357,1.8392641161149241,1.8041744300162696,1.7379935630506493,1.751932277549902,1.7120219636485567,1.7622461788951933,1.7380869860700814,1.7105271953376449,1.7202431893585717,1.7243538022135791,1.7226721878638032,1.6671789143212024,1.6877319785962397,1.6682999905543865,1.680631829119409,1.6593313806889156,1.6750264479534895,1.6694210667875702,1.6526049232898121,1.6537259995229963,1.6447573896575254,1.6526049232898121,1.9897285619829577,6.059327980256217,6.783589179960245,5.1867550529253235,5.349109024892436,1.904129146799892,2.924760139117309,4.387966234927077,3.2969910445517194,4.574020053455393,8.284537859827996,6.027444458572906,1.6892047650202267,3.368294400351359,2.0639245091510627,1.6508056709239292,1.65377765971554,1.6510927943618718,3.7861209859457263,0.41803520835492747,3.7305352292350404,2.5911846606880324,1.6764027544322138,0.40054433753251883,1.10400555334415,0.5518046683721143,11.140426624523382
2.6610841912016365,0.7381048312754305,0.6931297513783684,4.780300628120954,0.8247077361383903,0.6965637286924174,2.32772101792134,0.0,1.8969987441364917,0.8373287001612153,2.128364359076924,0.9325139210066391,0.8228333762031214,0.9608923900451654,0.7717913816143313,1.0206447115426904,0.6999319959368372,2.390337197726004,3.7260129914829454,1.6477988277419309,0.7182047575892406,3.638141342295106,0.9688436072854381,0.7924861925430275,0.7534391303209574,5.956208444600729,1.15466821291683,0.9346095720061711,0.9773225764904759,0.9165976138596839,0.8157754912886821,0.9238846093753788,0.8794526213335254,0.8043031445024342,0.8133091235756778,0.820035580974781,0.8267620383738841,0.7802934285084132,0.7738472401676061,0.7828158500330769,0.78954230743218,0.78954230743218,0.726014654218428,0.7488098709598332,0.7290041908402518,0.7290041908402518,0.7144301998088617,0.7256409621407002,0.7233988096743325,0.7054615899433908,0.7065826661765746,0.7020983612438392,0.7032194374770231,1.09511565784858,5.426955196791205,6.593666112074738,4.442421398032708,4.997187609660648,0.9805672164325147,1.990152121010563,3.5522441189171188,2.468337356181316,3.880889527874414,8.19660520992539,5.334955597881992,0.7412700837444987,2.46798477442397,1.1789606183439885,0.6994323682227575,0.7043921739027509,0.7009336248448133,3.7769303091465933,0.3824644570187625,3.714805949332865,2.5580495146079016,1.6384074820134422,0.40487996964373163,1.0665804938648473,0.3877357944257913,11.936367258730986
2.6931377201079494,1.3386435442210753,1.2331523627646874,4.505707592700313,1.3684135887770117,1.2365863400787365,2.61619501119608,1.8969987441364917,0.0,1.4073362726511724,2.4184013740168444,1.5881579083861321,1.3072912879634988,1.4709139817457635,1.2745807611330917,1.7839032343878767,1.2399546073231562,2.6687271904703214,3.806938079228839,1.9463447373928524,1.231957923928427,3.947295219250254,1.4228646141345986,1.3614552188821551,1.3070647040338246,5.782253432660536,1.736851373438167,1.507272208208778,1.5490136132909897,1.4834306536497344,1.3709493382536206,1.501181027341812,1.446285661123576,1.3644097268933817,1.3819358853388224,1.3837296073119167,1.3962856611235759,1.3656242261459974,1.3399328958022008,1.3511436581340392,1.355254270989047,1.3569358853388225,1.2891107732311993,1.3089164533507807,1.2891107732311993,1.2879896969980154,1.274536782199809,1.28350539206528,1.2846264682984638,1.2655681723343382,1.266689248567522,1.2577206387020514,1.2633260198679706,1.6758820736796294,5.732728236972562,6.5814998304640895,4.402899601087487,5.196509056195741,1.460166058862542,2.2963226693308068,4.014463219124542,2.6878693300000718,4.132650560550508,7.9597895110133114,5.422554843041811,1.3020361227432014,2.919426557506534,1.765086430489618,1.2615267675020874,1.2644987562936982,1.2618138909400303,3.7923987335275973,0.3994936503344556,3.713693923421431,2.567765044666799,1.660539799154268,0.6028490072344337,1.0869219058523703,0.27958257865899616,11.433783200723607
2.0606605456327816,0.23583655986677088,0.15409993888185702,4.098081943584917,0.28936116489418107,0.15409993888185702,1.7966151760730145,0.8373287001612153,1.4073362726511724,0.0,1.7402827720114282,0.5213588643766478,0.28380356370661,0.428701487441698,0.23276156911781998,0.6065397855600856,0.1609021834403257,1.8205495303891317,3.1928194075137455,1.153114069183411,0.19177717849946108,3.4437898140542185,0.45542694976989295,0.26715501018350274,2.2082276164662646,5.466691145583781,2.02758454555276,1.1137583462960108,1.2492597771506002,1.127208332859337,0.6926044464617286,1.0966170813851286,0.8548294426789336,0.6364432351637279,0.6984340428742842,0.7132322491523116,0.7703920705593463,0.6260825239989124,0.5133897798607476,0.4869079618802442,0.46798102361064087,0.5961918904079171,0.3067236086973888,0.33596959780373736,0.2622338526869271,0.2867609686058158,0.22557115371916459,0.30695422224648206,0.26094942607138627,0.20669409474066602,0.17922600543103595,0.16566258246976617,0.17456575987026524,1.7020597709617293,5.585748453696768,6.433967825983078,4.09133899129968,5.019429900149143,0.44845781916091676,1.5914943570139997,3.302057327165917,1.9676834481123922,3.6605142273604887,8.364767384668887,5.194266792830475,0.23914197736124132,2.1742595811374326,2.1784316659670244,0.1957720242081915,0.21299045942921369,0.20225099801454138,3.7775732750648405,0.35953926816896753,3.7012170972992173,2.549574708303104,1.6276584985476545,0.29485228140481723,1.0395868330407505,0.11410640420517737,12.415777902529214
2.832773255224739,1.6715900435813311,1.5861828331295715,4.126192624714074,1.7214440591418958,1.5896168104436206,2.9698803982866964,2.128364359076924,2.4184013740168444,1.7402827720114282,0.0,1.8656314905148879,1.6627418166437042,1.8357183375644164,1.6648444633655344,1.9277153299957934,1.5929850776880405,3.233174505789062,3.6777795416526287,2.527760509026215,1.6238600727471755,4.048920656872307,1.775627259117063,1.6810035809988735,1.6354539473630731,6.116100845068747,2.009087282939851,1.8088285730398854,1.8464593652670906,1.7823711739367463,1.700308393667688,1.8004952397065521,1.757259066313428,1.6981036104090932,1.702326330887419,1.7000841784210512,1.674972070797733,1.682875658241679,1.6624160169860738,1.6706372426960887,1.6747478555510962,1.6747478555510962,1.621309888435999,1.6373786477783008,1.615330815192352,1.615330815192352,1.6074832815600648,1.6198151201250872,1.6175729676587194,1.5992620558500499,1.5996357479277776,1.5929092905286746,1.589546061829123,1.951173223904716,5.576232743298867,6.2946658118735215,4.371018350244741,5.065508507953609,1.7094093823624905,2.3406466156990016,4.373075486321613,2.982595703462994,3.8942498254945717,8.004187951044683,5.402940385472138,1.6254864469517818,2.79956227889512,2.0258370756337483,1.5930109935147119,1.586759587334,1.5947603903002858,3.805257459090143,0.4152173733882162,3.72074298960828,2.5817819186777338,1.6583935497369893,0.5160130978903005,1.0945596157944808,0.6999492045277607,11.162978188378949
2.3048917993878346,0.4494814225707544,0.3672589254947909,4.226119498808241,0.49544181285194133,0.37069290280884015,1.9693562174425936,0.9325139210066391,1.5881579083861321,0.5213588643766478,1.8656314905148879,0.0,0.49696255031954395,0.6535563804873805,0.4316223811914113,0.9076354776101744,0.37406117005326,1.9725898157994768,3.3650692552037595,1.2849193461326829,0.40493616511239494,3.4370760386466386,0.6188029317053522,0.4803139967964368,0.4327577929219055,6.238854056920797,0.8400081493650909,0.6096356071091408,0.6518254426846265,0.5922215562870181,0.4903530958983783,0.608477161668184,0.5553755174230421,0.4735743216083934,0.4914741721315622,0.49551004657102404,0.5094113918625038,0.4757230510553291,0.45320810337221995,0.4621767132376907,0.4311602707862707,0.4687163245979299,0.4031333649566743,0.4192021242989762,0.39977013625712277,0.4020122887234905,0.38855937392528417,0.39977013625712277,0.3941647550912035,0.38033814821526934,0.3807118402929972,0.37622753536026177,0.3773486115934457,0.7793345180636571,5.655595657476368,6.674710734788471,4.101695247210362,4.8698556070824015,0.6590227720514125,1.7763066469377309,3.5431183070513175,2.2824250459969178,3.571579772992391,8.280068921005872,5.228141009306994,0.414739801253166,2.185381328432288,0.8585266428956526,0.373515611958389,0.37852134801917336,0.3758364826655054,3.773509381833127,0.36881375385760706,3.7064394721968457,2.5550150760623547,1.6325758962465917,0.2861641668976116,1.0522983904485388,0.124600926582354,12.231419672162387
2.1437183116572367,0.2118963588367,0.12076311739437928,4.1255298376768605,0.2560243434067033,0.12419709470842843,1.7722188620159112,0.8228333762031214,1.3072912879634988,0.28380356370661,1.6627418166437042,0.49696255031954395,0.0,0.3963628912625159,0.1952580809636757,0.6760472510820391,0.12514353273265189,1.8254346547498423,3.159302909272439,1.0441056240217066,0.15844035701198322,3.387594124482985,0.4284366019903506,0.23813405681895639,1.5293744574301824,4.902772126186248,1.5574080288878536,0.8774420705779226,0.991333484150821,0.8990901632687157,0.5902254959508662,0.8995875771702921,0.7103714991290944,0.5254265509781707,0.5741850487371739,0.5637153356408907,0.6401556907473822,0.49507716577009164,0.40938102495207174,0.4148437809912052,0.4181086225032089,0.5072804320608462,0.26796056930975676,0.3123836655504738,0.2335936823813035,0.24363919118833233,0.20543691379957474,0.30225706943145336,0.21459766616696707,0.19358900470127494,0.1587207419575899,0.15047204480822196,0.1447438059729127,1.3119729963998066,5.551638794439286,6.55135352286166,4.165257136094275,5.001423604398708,0.42406150510381313,1.4708739228122427,3.305034221428982,1.9770184023448016,3.566463685847047,8.472295180340332,5.160559797814307,0.21331694627138542,2.0960756767432187,1.7180599084774464,0.210861785094261,0.24823665510976467,0.24018205904876044,3.7727727555978094,0.35852275508325493,3.7028152509249583,2.5498033276387373,1.625343472259917,0.2761389997529521,1.0428168395414184,0.072373540349293,12.445601082428484
2.2228087548473043,0.3717046654443492,0.28629745499258963,4.19293568235828,0.4215586810049138,0.28629745499258963,1.824557043267449,0.9608923900451654,1.4709139817457635,0.428701487441698,1.8357183375644164,0.6535563804873805,0.3963628912625159,0.0,0.3649590852285526,0.8440558784972613,0.28741853122577354,1.9316967942918863,3.2310335125081036,1.2747935809235194,0.3052317091924376,3.531774901930337,0.5091036687654742,0.39935252629423523,1.3210650584546,5.269197937712251,1.2598483285345834,0.8144220387514141,0.9225378166969216,0.7884145501101734,0.6204514309282997,0.7997004208497136,0.7551182159924564,0.6348615154345083,0.5824169772587177,0.620514329594848,0.6142155831282731,0.5895439511668705,0.4918058982135932,0.49386305460187796,0.5665332139944987,0.5802636229098298,0.39857527470281173,0.399888746857202,0.421181795444572,0.3716768449495226,0.34720186381912255,0.4189396429782043,0.42435632814447877,0.32833226385464176,0.31955234998881576,0.2952660648580605,0.2941449886248766,1.1602694293841351,5.699803487102981,6.563693929222756,4.278445517507701,5.0386070925136535,0.5300015464650554,1.6706331710981286,3.4747591168429635,2.161564593432671,3.7008866063904544,8.346133904504395,5.286959133239621,0.38433841181842254,2.239469450540179,1.4053369941594605,0.3863714283293215,0.4818984041817269,0.3922347481369014,3.777735254510985,0.3646246374223592,3.7065010942369088,2.545459252578005,1.6292840095337187,0.2504028131792594,1.0508639218280282,0.08501436150327224,12.304673876588806
2.1205567782531234,0.16085436424791,0.07866163023596295,4.182209383700487,0.213922856248287,0.07866163023596295,1.7211768674271204,0.7717913816143313,1.2745807611330917,0.23276156911781998,1.6648444633655344,0.4316223811914113,0.1952580809636757,0.3649590852285526,0.0,0.6213208155208587,0.07978270646914687,1.8123582793582382,3.1202200078402083,1.0731914556047815,0.07910563798600845,3.2967924228230117,0.3751524549351932,0.18537935104762615,6.809052637798899,1.3764963738353442,3.80473893722036,2.092371073154698,2.751758836663697,2.1610237510381975,1.6174164219102332,2.237173791404445,1.891153382508816,1.3234410034881956,1.3258778721436602,1.458079163387798,1.5305789118953537,1.1722433927661302,0.8329921692134139,0.9488715054841951,1.2939285515342442,1.3990739892997666,0.597107118521871,0.5917058253253242,0.5491980824777183,0.3817224744457336,0.3149166401097767,0.6760626312060262,0.4540487658126555,0.27645344441967057,0.13952708597542274,0.12691057898454705,0.10371643126716357,3.3300148283858015,5.625784722304335,6.573881950860818,4.151237085122299,4.9591507603267875,0.3685251284925509,1.4733958506654057,3.2997955020073686,1.9641216676981919,3.557957176264064,8.444459222610178,5.182556033155975,0.3363510892797055,2.0828612757905516,4.651509958570775,0.4714144493805772,1.2992145416967409,0.6368906805310484,3.77395021480798,0.35647718728770517,3.6996894920865406,2.5474780512460544,1.6245535003936917,0.2420207628169655,1.043497285664797,0.03494792502691424,12.493458363641475
2.3874800603730097,0.6431656339564312,0.5577584235046719,4.539847527380494,0.6638716674542158,0.5611924008187209,1.8906170781967098,1.0206447115426904,1.7839032343878767,0.6065397855600856,1.9277153299957934,0.9076354776101744,0.6760472510820391,0.8440558784972613,0.6213208155208587,0.0,0.5645606680631406,2.2714852605816755,3.4788241479813484,1.5153199464423448,0.5954356631222759,3.6197062528274833,0.8590854343927077,0.662792595241715,0.6210158421755447,6.177300261299484,1.0049816039117088,0.7907180647602772,0.830366794207213,0.7718839840427885,0.6745745670024297,0.7817868241025792,0.7378032665539992,0.6607105909187228,0.6797315176750753,0.6797315176750754,0.6940812934598288,0.657814477316331,0.6377285281384535,0.612317466852953,0.6508077508589319,0.6446418315764207,0.5898959421892757,0.6007330124433863,0.5835431768679006,0.5936328629665553,0.5756956432356135,0.5869064055674521,0.5835431768679006,0.5693428779142382,0.5689691858365103,0.5667270333701426,0.5678481096033265,0.9470921839146654,5.672510197028862,6.536533372415105,4.163823521214295,5.085878981307668,0.8450379651285579,1.9683494626001345,3.5011524870561717,2.3733870538675395,3.7253140900723816,8.42790260111955,5.335610544724452,0.5977214939346375,2.358930664506458,1.0287661743180017,0.5660488572374432,0.5672572882231803,0.5655622969711167,3.783749293533301,0.37704224127204367,3.703709941769524,2.5576500504271507,1.6404550490173597,0.3196187523392512,1.0576724873760028,0.2736521407012833,12.047398028323487
2.0697321016038117,0.08899497857041594,0.0011210762331839152,4.119864446970344,0.13638230224550785,0.004555053547232957,1.6493174817496266,0.6999319959368372,1.2399546073231562,0.1609021834403257,1.5929850776880405,0.37406117005326,0.12514353273265189,0.28741853122577354,0.07978270646914687,0.5645606680631406,0.0,1.7660179076416618,3.0560397175609815,1.0058163748600228,0.038798315850787746,3.296492119730831,0.30812925544650505,0.11351996537013187,9.328604596370884,0.5794791691790757,5.112846780021928,2.759496037877047,3.5287484011877988,2.832804302707043,2.044284563054893,2.9371637349076134,2.3832095859940035,1.641528119876926,1.680952544380943,1.8094578049098504,1.961957180702733,1.4556465560560374,1.0133685652353093,1.133736838347176,1.4625899271892355,1.6940177272417747,0.6612786726275625,0.6671471592590148,0.5699517332495744,0.3936661641712753,0.2919316352443948,0.7474160246354156,0.4733211662994502,0.2541420805465896,0.06033929582790731,0.03888584281687746,0.03263581526392889,4.415904839655825,5.624005724058705,6.5900338232346005,4.13780640665658,4.958665276785466,0.30116012483752896,1.4441966626906115,3.27751662926451,1.949133702443083,3.542767918986204,8.485432423285367,5.21864332993834,0.2999676408354298,2.039564120220777,6.177725982179411,0.4576801144395689,1.4752206159192434,0.6681354901210868,3.7740078965259207,0.3534018642388268,3.7000030520418123,2.544682436794308,1.6209487745176954,0.23953023555547093,1.0403411417452444,0.028655186892892037,12.5630755968526
2.373393870415809,1.775950803296815,1.7592156630831932,3.4210564683610105,1.8944768890955175,1.7626496403972423,3.386631662054575,2.390337197726004,2.6687271904703214,1.8205495303891317,3.233174505789062,1.9725898157994768,1.8254346547498423,1.9316967942918863,1.8123582793582382,2.2714852605816755,1.7660179076416618,0.0,4.0843619876903015,2.7480535931804573,1.7762100749286855,4.593013123787007,1.9292989054935454,1.775724492640202,1.8053795589774206,5.390616760607284,2.202644431624069,1.9854488469396954,2.0232291159979914,1.972220147388126,1.8715475016482157,1.9914652893911156,1.938812075639247,1.868408488195301,1.8749107303477672,1.878946604787229,1.901368129450906,1.8626349455944038,1.8369436152506073,1.8526386825151813,1.8477806855047179,1.8561887572535969,1.792847950078709,1.8104114777319225,1.7883636451459732,1.789484721379157,1.7771528828141345,1.7872425689127895,1.7827582639800539,1.7722948858036716,1.7726685778813993,1.7681842729486636,1.7693053491818478,2.1519126521927383,5.43756656961263,6.180197234677017,3.839200221535438,4.745865428532978,1.9548651809278859,2.691074784926066,3.4750128036932724,2.7983766254147104,3.6791998914895823,7.125735013614431,4.594977105255642,1.80313547315969,2.81847683030452,2.2232038588099146,1.7675060968159644,1.7677203323153903,1.7670195365496377,3.7960347599833666,0.41782207005551797,3.7347588696543355,2.577217590738566,1.6752451069635617,0.6916571790754564,1.0825771173879706,0.7120400046943781,10.881368678218074
4.1179590053577595,3.1288659363560383,3.0492374730025125,7.025635580952644,3.165716219542759,3.052671450316562,4.624812215773023,3.7260129914829454,3.806938079228839,3.1928194075137455,3.6777795416526287,3.3650692552037595,3.159302909272439,3.2310335125081036,3.1202200078402083,3.4788241479813484,3.0560397175609815,4.0843619876903015,0.0,3.969813841372833,3.066221807758269,5.518330550501279,3.281264633707769,3.14833617393115,3.08497757590303,6.432221018468309,3.3343357827644997,3.210896665827625,3.241875739071272,3.1808518227782976,3.125694872105652,3.2022643788321092,3.1656051860069967,3.116688893032408,3.129954961791751,3.1344392667244856,3.1295065312984764,3.126311464033903,3.1023017480398822,3.1127651262162646,3.1108966658276245,3.1041702084285214,3.07165899766619,3.0839908362312123,3.0660536165002705,3.0626903878007194,3.0626903878007194,3.0739011501325573,3.0660536165002705,3.0570850066348,3.060448235334351,3.058206082867984,3.0481163967693288,3.2987570117597196,6.16449396736636,6.172504035835738,5.149975107097436,5.792191325542712,3.209218035555285,3.6399188088741026,4.80467794480195,3.94488688501308,4.570448812513684,7.830844686427648,5.500092346608962,3.075615737312721,3.7884365903292236,3.3358391744005607,3.0552204518907855,3.05046466579559,3.056841138669399,3.836136053793022,0.4813040445667979,3.737030325516244,2.62783493891927,1.7011762848146126,0.6548793215901505,1.1509304488512897,1.2479534979211393,9.946513870411392
2.9143728598653382,1.0544911108882218,0.9990141303015538,4.99581325958054,1.1211794721631825,1.0024481076156029,2.531917374338711,1.6477988277419309,1.9463447373928524,1.153114069183411,2.527760509026215,1.2849193461326829,1.0441056240217066,1.2747935809235194,1.0731914556047815,1.5153199464423448,1.0058163748600228,2.7480535931804573,3.969813841372833,0.0,1.0366913699191578,4.146260617129311,1.2900780891586199,1.099466968196468,1.0581465098787588,6.436540067188709,1.3893211327161796,1.1956509016020025,1.2443429793299545,1.1929603186423612,1.101480498014558,1.2107106923344388,1.1552921572073838,1.0967346086274135,1.0568616639338408,1.113812336579581,1.1097764621401192,1.0872988836647823,1.0737525458471442,1.0789842349353354,1.0853370002567106,1.0858975383733025,1.028162112364334,1.04348348755118,1.0259199598979665,1.0315253410638858,1.0169513500324956,1.0236778074315986,1.029283188597518,1.0105985847111203,1.0102248926333925,1.0079827401670247,1.0091038164002084,1.337418998975481,5.806852344498642,6.769418786943598,4.733606783658727,5.326123586827563,1.2645296205413745,2.1272558440226037,3.8396843223319532,2.6441569380983383,4.014979087152113,8.380968611749969,5.481564596785101,1.0321188520108655,2.744355699697671,1.4082857472891566,1.0044621921019747,1.0102765528259363,1.0050873561949372,3.784656970356129,0.39605182099105385,3.721282265506155,2.5674891524494776,1.649769106868509,0.3355495553496832,1.0791413314580438,0.29314044462276456,11.736196526259814
2.0844085738235703,0.11986997362955099,0.03638022275638464,4.150739442029479,0.1716414487687088,0.03767723961760383,1.677598443086323,0.7182047575892406,1.231957923928427,0.19177717849946108,1.6238600727471755,0.40493616511239494,0.15844035701198322,0.3052317091924376,0.07910563798600845,0.5954356631222759,0.038798315850787746,1.7762100749286855,3.066221807758269,1.0366913699191578,0.0,3.319936894878721,0.3341680643168341,0.14439496042926703,6.784269032643389,1.371039196862196,3.7521531525308056,2.0429247313705363,2.706726046632337,2.1074582566611,1.5745946776242374,2.1780651293034348,1.8555501578097393,1.2768834042744093,1.273551824109835,1.4170511410748965,1.477804433368255,1.1300843401187879,0.7781053495837387,0.9131188039540273,1.2533489597146161,1.3590549355967303,0.5422196445750342,0.5262443979029385,0.5074974144249064,0.32156370597781003,0.2739322494914176,0.6160199446235416,0.41866975636021575,0.23546905380131145,0.08229577097746621,0.05920699909579363,0.056289652988985805,3.2836785305121303,5.622131792183017,6.581081552703738,4.146483670661292,4.956342162485416,0.332035119896664,1.4750716577497465,3.292193101484269,1.950796365199262,3.543277636805879,8.486753281875211,5.214527245596284,0.28813092564419474,2.0566242421358982,4.617405898559995,0.43043005876221807,1.258230151078382,0.5959062899126892,3.7726367813801533,0.35477562486549774,3.700506486979201,2.5462823287927447,1.6228239519048124,0.2401443930487639,1.0416970296654187,0.03158271219984765,12.534442754259835
4.332644826050702,3.3714138443718187,3.2896898751723618,5.504494173988275,3.4223570674622477,3.2931238524864113,3.6133440153834377,3.638141342295106,3.947295219250254,3.4437898140542185,4.048920656872307,3.4370760386466386,3.387594124482985,3.531774901930337,3.2967924228230117,3.6197062528274833,3.296492119730831,4.593013123787007,5.518330550501279,4.146260617129311,3.319936894878721,0.0,3.353686165350584,3.2880361732378725,3.3224367707395874,6.6673975339432445,3.611007570929519,3.4544880814503887,3.486438754096129,3.4578513101499406,3.3710800097015095,3.3922683505086844,3.4087481711364878,3.3705942100004633,3.378927543333796,3.3627840455759492,3.3771338213607023,3.357234718221689,3.3397646135879078,3.3577018333188486,3.3524701442306575,3.355272834813617,3.309869247369671,3.333411848266532,3.3177167810019585,3.319958933468326,3.305384942436936,3.3087481711364872,3.316595704768774,3.2945478721828247,3.298658485037832,3.2941741801050974,3.295295256338281,3.562912168574027,6.140765747024158,6.473313402858595,5.599386962458556,5.437711089926913,3.3258230103467707,4.115505330072388,5.2890669815981415,4.460582630949416,5.142508829985731,7.362956653362165,6.126949941602495,3.3316313154255925,4.300724903507061,3.606109992995276,3.2959924920167505,3.300952297696744,3.2974088878780248,3.813919228227312,0.485930314610591,3.7686192257802156,2.6200020149816665,1.7309329595532912,0.6423277507816033,1.1579680364222413,1.279513959232788,10.014402452465312
2.1347782596509512,0.3867342213397956,0.30132701088803615,4.079097540387405,0.4317520507115542,0.3047609882020853,1.91513852074248,0.9688436072854381,1.4228646141345986,0.45542694976989295,1.775627259117063,0.6188029317053522,0.4284366019903506,0.5091036687654742,0.3751524549351932,0.8590854343927077,0.30812925544650505,1.9292989054935454,3.281264633707769,1.2900780891586199,0.3341680643168341,3.353686165350584,0.0,0.4095458960008753,0.36758143546217437,6.357743177334963,0.7771807535579223,0.5468427059553008,0.5888830646996953,0.529279178302087,0.4257664727714442,0.5462821678387088,0.4925826162692021,0.40876348323482226,0.4268875490046281,0.42778440999117506,0.44751535169521117,0.41091221268175815,0.41511624855619755,0.3999817194082155,0.39549741447548004,0.4033449481077671,0.3364540661944636,0.3540175938476774,0.33495929788355183,0.33944360281628727,0.3203853068521617,0.3327171454171841,0.3315960691840003,0.31365884945305855,0.31477992568624247,0.31029562075350703,0.31141669698669083,0.7138830646996953,5.7310462112929965,6.686289636924119,4.2456258195769845,5.050487287607927,0.5956848911670963,1.7145120837059369,3.508498266761057,2.18499626311376,3.617294429223137,8.388776361182384,5.315739652036015,0.35052247382657475,2.174699940661534,0.8015560137896452,0.30961744462080754,0.3125894334124186,0.30990456805875055,3.777459424184439,0.36590041564688747,3.7035526308740865,2.5521093358564984,1.6293390414179107,0.2655355870963406,1.0514429003832229,0.11289376748261848,12.317113850814103
2.0666109712465466,0.1984622817534052,0.10671772081166309,4.121027314608476,0.24197894682398713,0.11015169812571224,1.7392160755948676,0.7924861925430275,1.3614552188821551,0.26715501018350274,1.6810035809988735,0.4803139967964368,0.23813405681895639,0.39935252629423523,0.18537935104762615,0.662792595241715,0.11351996537013187,1.775724492640202,3.14833617393115,1.099466968196468,0.14439496042926703,3.2880361732378725,0.4095458960008753,0.0,0.18148611390896807,6.109663159803332,0.6104679723019908,0.37112682018056975,0.4155588082224232,0.3507232327366234,0.24287569910433637,0.3673525301955174,0.3146245780281033,0.22833907728071912,0.24489363632406735,0.24758421928370866,0.26462457802810324,0.22712457802810326,0.20274116995635438,0.21395193228819298,0.2161940847545607,0.22011785157070418,0.150424279074441,0.16873519088311073,0.14780843453034542,0.15117166322989706,0.1332344434989553,0.14668735829716162,0.1444452058307939,0.12463952571121228,0.12650798609985214,0.11978152870074898,0.12314475740030062,0.5475521885341891,5.61324406754269,6.583889734496157,4.146638922968086,4.962850049107587,0.36937664795034253,1.525388522646232,3.237692074962342,1.9327974120169062,3.547391693056797,8.424642931845531,5.159348587601343,0.16264620820483766,2.0510558489194683,0.6388343555714077,0.12134550503441721,0.12431749382602841,0.12163262847236034,3.776450785064916,0.35785816618619437,3.7004545203758012,2.5446965888858104,1.622699289334234,0.25792935871856315,1.0447914861237795,0.10151270135206991,12.456822770109426
2.105955039200984,0.15420344918421136,13.03591917378798,4.131489390250112,7.832128964096512,10.948508981004975,1.6954155047940953,0.7534391303209574,1.3070647040338246,2.2082276164662646,1.6354539473630731,0.4327577929219055,1.5293744574301824,1.3210650584546,6.809052637798899,0.6210158421755447,9.328604596370884,1.8053795589774206,3.08497757590303,1.0581465098787588,6.784269032643389,3.3224367707395874,0.36758143546217437,0.18148611390896807,0.0,5.668723250176861,7.737775250263156,7.737775250263156,7.737775250263156,7.737775250263156,7.737775250263156,7.737775250263156,7.737775250263156,7.737775250263156,7.737775250263156,7.737775250263156,7.737775250263156,7.737775250263156,7.737775250263156,7.737775250263156,7.737775250263156,7.737775250263156,7.737775250263156,7.737775250263156,7.737775250263156,7.737775250263156,7.737775250263156,7.737775250263156,7.737775250263156,7.737775250263156,7.737775250263156,7.737775250263156,7.737775250263156,7.737775250263156,5.609130735993888,6.569515437980573,4.14420456690882,4.952271560077176,0.3623008707572021,1.4898628570607515,3.3018016205433725,1.9915218494542586,3.5604613564878798,8.446205314351651,5.216363033758276,7.737775250263156,2.075903202108873,7.737775250263156,7.737775250263156,7.737775250263156,7.737775250263156,3.7748539198374815,0.35590432019765406,3.700713445303503,2.546241008023104,1.623332519869165,1.2250142663272388,1.0425131856327312,3.762861043426082,12.500802887945849
9.267326732673267,10.233742378984989,0.0,8.344557483657121,0.0,0.0,10.322949422337292,9.995472962181806,9.865822558819282,5.334395425739424,10.051351297593095,10.258797754273088,2.5621155590772533,0.0,0.0,10.135597093184046,0.0,9.41573949541501,9.494312126389724,10.220708791607755,0.0,9.548904106146933,10.42515834896691,10.231214294631002,4.569370989182254,0.0,0.6876575563631718,1.1003361660965036,1.187573524353268,1.1447851988131257,1.5495045586981087,1.2489392406524338,1.174378056717806,1.5238622115850364,1.590030299038847,1.5042993711645387,1.4374125238256137,1.5013875716579919,1.2714163938942356,1.2366397841626329,0.5861606812882607,1.3003334032621314,0.8760655148128731,1.2788176237077908,0.6324373687556827,0.5914855854663518,1.1855778245638222,0.4918032786885246,0.659740303689713,1.6417862634809064,0.15116114845259399,0.0,0.0,0.9067853368500036,6.410593314970594,5.822789058566874,7.465346534653468,7.221436797375814,10.10492186279277,10.13000026907916,9.104370887807432,10.158537625910153,8.528479007183032,3.9796081494220528,7.859542197923182,1.7767595916193737,9.466432659949653,0.6404981044431762,0.5111815535006443,0.556235871753586,0.4338611659513947,8.910303582053096,10.133612101897358,8.873009323250304,9.292472448831333,10.04960638657675,0.0,9.813955929275703,0.9900990099009901,0.6583304052267354
